0.101619, 552.000000, 552.000000, 552.000000, 552.000000, 552.000000, 552.000000, 552.000000, 552.000000, 552.000000, 552.000000, 552.000000, 552.000000, 552.000000, 552.000000, 552.000000, 552.000000, 8832.000000
0.208649, 552.000000, 552.000000, 552.000000, 552.000000, 552.000000, 552.000000, 552.000000, 552.000000, 552.000000, 552.000000, 552.000000, 552.000000, 552.000000, 552.000000, 552.000000, 552.000000, 8832.000000
0.317709, 552.000000, 552.000000, 552.000000, 552.000000, 552.000000, 552.000000, 552.000000, 552.000000, 552.000000, 552.000000, 552.000000, 552.000000, 552.000000, 552.000000, 552.000000, 552.000000, 8832.000000
0.428866, 552.000000, 552.000000, 552.000000, 552.000000, 552.000000, 552.000000, 552.000000, 552.000000, 552.000000, 552.000000, 552.000000, 552.000000, 552.000000, 552.000000, 552.000000, 552.000000, 8832.000000
0.545054, 552.000000, 552.000000, 552.000000, 552.000000, 552.000000, 552.000000, 552.000000, 552.000000, 552.000000, 552.000000, 552.000000, 552.000000, 552.000000, 552.000000, 552.000000, 552.000000, 8832.000000
0.666463, 552.000000, 552.000000, 552.000000, 552.000000, 552.000000, 552.000000, 552.000000, 552.000000, 552.000000, 552.000000, 552.000000, 552.000000, 552.000000, 552.000000, 552.000000, 552.000000, 8832.000000
0.791087, 129506.000000, 552.000000, 552.000000, 552.000000, 552.000000, 552.000000, 552.000000, 552.000000, 552.000000, 552.000000, 552.000000, 552.000000, 552.000000, 552.000000, 552.000000, 552.000000, 137786.000000
0.918094, 375454.000000, 552.000000, 552.000000, 552.000000, 552.000000, 552.000000, 552.000000, 552.000000, 552.000000, 552.000000, 552.000000, 552.000000, 552.000000, 552.000000, 552.000000, 552.000000, 383734.000000
1.047822, 549732.000000, 552.000000, 552.000000, 552.000000, 552.000000, 552.000000, 552.000000, 552.000000, 552.000000, 552.000000, 552.000000, 552.000000, 552.000000, 552.000000, 552.000000, 552.000000, 558012.000000
1.188116, 715716.000000, 552.000000, 552.000000, 552.000000, 552.000000, 552.000000, 552.000000, 552.000000, 552.000000, 552.000000, 552.000000, 552.000000, 552.000000, 552.000000, 552.000000, 552.000000, 723996.000000
1.332042, 915168.000000, 552.000000, 552.000000, 552.000000, 552.000000, 552.000000, 552.000000, 552.000000, 552.000000, 552.000000, 552.000000, 552.000000, 552.000000, 552.000000, 552.000000, 552.000000, 923448.000000
1.477758, 1104236.000000, 552.000000, 552.000000, 552.000000, 552.000000, 552.000000, 552.000000, 552.000000, 552.000000, 552.000000, 552.000000, 552.000000, 552.000000, 552.000000, 552.000000, 552.000000, 1112516.000000
1.625743, 1297134.000000, 552.000000, 552.000000, 552.000000, 552.000000, 552.000000, 552.000000, 552.000000, 552.000000, 552.000000, 552.000000, 552.000000, 552.000000, 552.000000, 552.000000, 136758.000000, 1441620.000000
1.781101, 1502520.000000, 552.000000, 552.000000, 552.000000, 552.000000, 552.000000, 552.000000, 552.000000, 552.000000, 552.000000, 552.000000, 552.000000, 552.000000, 552.000000, 552.000000, 445314.000000, 1955562.000000
1.944884, 1707388.000000, 552.000000, 552.000000, 552.000000, 552.000000, 552.000000, 552.000000, 552.000000, 552.000000, 552.000000, 552.000000, 552.000000, 552.000000, 552.000000, 552.000000, 626500.000000, 2341616.000000
2.110872, 1707388.000000, 552.000000, 552.000000, 552.000000, 552.000000, 552.000000, 552.000000, 552.000000, 552.000000, 552.000000, 552.000000, 552.000000, 552.000000, 552.000000, 552.000000, 877346.000000, 2592462.000000
2.281331, 1707388.000000, 552.000000, 552.000000, 552.000000, 552.000000, 552.000000, 552.000000, 552.000000, 552.000000, 552.000000, 299424.000000, 552.000000, 552.000000, 552.000000, 552.000000, 1087450.000000, 3101438.000000
2.454840, 1707388.000000, 552.000000, 552.000000, 552.000000, 552.000000, 552.000000, 552.000000, 552.000000, 552.000000, 552.000000, 533688.000000, 552.000000, 552.000000, 552.000000, 552.000000, 1349446.000000, 3597698.000000
2.631215, 1707388.000000, 552.000000, 552.000000, 552.000000, 552.000000, 552.000000, 552.000000, 552.000000, 552.000000, 552.000000, 748540.000000, 552.000000, 552.000000, 552.000000, 552.000000, 1574484.000000, 4037588.000000
2.814125, 1707388.000000, 552.000000, 552.000000, 552.000000, 552.000000, 552.000000, 552.000000, 552.000000, 552.000000, 552.000000, 995572.000000, 552.000000, 552.000000, 552.000000, 552.000000, 1815782.000000, 4525918.000000
2.999611, 1707388.000000, 552.000000, 552.000000, 552.000000, 552.000000, 552.000000, 552.000000, 552.000000, 552.000000, 552.000000, 1250672.000000, 552.000000, 552.000000, 552.000000, 552.000000, 2062870.000000, 5028106.000000
3.188711, 1707388.000000, 552.000000, 552.000000, 552.000000, 552.000000, 552.000000, 552.000000, 146894.000000, 552.000000, 552.000000, 1497430.000000, 552.000000, 552.000000, 552.000000, 552.000000, 2292058.000000, 5650394.000000
3.380903, 1707388.000000, 552.000000, 552.000000, 552.000000, 552.000000, 552.000000, 552.000000, 460875.000000, 552.000000, 552.000000, 1746304.000000, 552.000000, 552.000000, 552.000000, 552.000000, 2563032.000000, 6484223.000000
3.577075, 1707388.000000, 552.000000, 552.000000, 552.000000, 552.000000, 552.000000, 552.000000, 717014.000000, 552.000000, 552.000000, 2001396.000000, 552.000000, 552.000000, 552.000000, 552.000000, 2627496.000000, 7059918.000000
3.779424, 1707388.000000, 552.000000, 552.000000, 552.000000, 552.000000, 552.000000, 552.000000, 974968.000000, 552.000000, 552.000000, 2264980.000000, 552.000000, 552.000000, 552.000000, 552.000000, 2627496.000000, 7581456.000000
3.985195, 1707388.000000, 552.000000, 552.000000, 552.000000, 552.000000, 552.000000, 552.000000, 1244998.000000, 552.000000, 552.000000, 2526202.000000, 552.000000, 552.000000, 552.000000, 552.000000, 2627496.000000, 8112708.000000
4.196164, 1707388.000000, 552.000000, 552.000000, 552.000000, 552.000000, 552.000000, 552.000000, 1519538.000000, 552.000000, 552.000000, 2771260.000000, 552.000000, 338134.000000, 552.000000, 552.000000, 2627496.000000, 8969888.000000
4.412765, 1707388.000000, 552.000000, 552.000000, 552.000000, 552.000000, 552.000000, 552.000000, 1808162.000000, 552.000000, 552.000000, 3066436.000000, 552.000000, 656304.000000, 552.000000, 552.000000, 2627496.000000, 9871858.000000
4.632759, 1707388.000000, 552.000000, 552.000000, 552.000000, 552.000000, 552.000000, 552.000000, 2085332.000000, 552.000000, 552.000000, 3371098.000000, 552.000000, 925334.000000, 552.000000, 552.000000, 2627496.000000, 10722720.000000
4.855738, 1707388.000000, 552.000000, 552.000000, 552.000000, 552.000000, 552.000000, 552.000000, 2378434.000000, 552.000000, 552.000000, 3660020.000000, 552.000000, 1224902.000000, 319332.000000, 552.000000, 2627496.000000, 11923092.000000
5.084470, 1707388.000000, 552.000000, 552.000000, 552.000000, 552.000000, 552.000000, 552.000000, 2675498.000000, 552.000000, 552.000000, 3958352.000000, 552.000000, 1530512.000000, 625310.000000, 552.000000, 2627496.000000, 13130076.000000
5.318740, 1707388.000000, 552.000000, 552.000000, 552.000000, 552.000000, 552.000000, 552.000000, 2976954.000000, 552.000000, 552.000000, 4246696.000000, 552.000000, 1813770.000000, 922964.000000, 552.000000, 2627496.000000, 14300788.000000
5.557971, 1707388.000000, 552.000000, 552.000000, 552.000000, 552.000000, 552.000000, 552.000000, 3288270.000000, 552.000000, 552.000000, 4536504.000000, 552.000000, 2147358.000000, 1218136.000000, 552.000000, 2627496.000000, 15530672.000000
5.800095, 1707388.000000, 552.000000, 552.000000, 552.000000, 552.000000, 552.000000, 552.000000, 3608120.000000, 552.000000, 552.000000, 4901522.000000, 552.000000, 2434100.000000, 1547977.000000, 552.000000, 2941614.000000, 17146241.000000
6.043431, 1707388.000000, 552.000000, 552.000000, 552.000000, 552.000000, 552.000000, 552.000000, 3906290.000000, 552.000000, 552.000000, 5185202.000000, 552.000000, 2757054.000000, 1844268.000000, 552.000000, 3250582.000000, 18656304.000000
6.289630, 1707388.000000, 552.000000, 552.000000, 552.000000, 552.000000, 552.000000, 552.000000, 4236610.000000, 552.000000, 552.000000, 5510042.000000, 552.000000, 3080588.000000, 2191498.000000, 552.000000, 3564802.000000, 20296448.000000
6.540063, 1707388.000000, 552.000000, 552.000000, 552.000000, 552.000000, 552.000000, 552.000000, 4563160.000000, 552.000000, 552.000000, 5835280.000000, 552.000000, 3412462.000000, 2525894.000000, 552.000000, 3881956.000000, 21931660.000000
6.792036, 1707388.000000, 552.000000, 552.000000, 552.000000, 552.000000, 552.000000, 552.000000, 4884524.000000, 552.000000, 552.000000, 6187372.000000, 552.000000, 3503018.000000, 2840458.000000, 552.000000, 4172094.000000, 23300374.000000
7.047428, 1707388.000000, 552.000000, 552.000000, 552.000000, 552.000000, 552.000000, 552.000000, 5231344.000000, 552.000000, 552.000000, 6506508.000000, 552.000000, 3503018.000000, 3187488.000000, 552.000000, 4560386.000000, 24701652.000000
7.305920, 1707388.000000, 552.000000, 552.000000, 552.000000, 552.000000, 552.000000, 552.000000, 5567488.000000, 552.000000, 552.000000, 6862570.000000, 552.000000, 3503018.000000, 3522216.000000, 552.000000, 4733572.000000, 25901772.000000
7.567650, 1707388.000000, 552.000000, 552.000000, 552.000000, 552.000000, 552.000000, 552.000000, 5919638.000000, 552.000000, 552.000000, 7209050.000000, 552.000000, 3503018.000000, 3867480.000000, 552.000000, 4733572.000000, 26945666.000000
7.832928, 1707388.000000, 552.000000, 552.000000, 552.000000, 552.000000, 552.000000, 552.000000, 6266262.000000, 552.000000, 552.000000, 7554258.000000, 552.000000, 3503018.000000, 4210754.000000, 552.000000, 4733572.000000, 27980772.000000
8.101318, 1707388.000000, 552.000000, 552.000000, 552.000000, 552.000000, 552.000000, 552.000000, 6620208.000000, 552.000000, 552.000000, 7918642.000000, 552.000000, 3503018.000000, 4578624.000000, 552.000000, 4733572.000000, 29066972.000000
8.373450, 1707388.000000, 552.000000, 552.000000, 552.000000, 552.000000, 552.000000, 552.000000, 6974922.000000, 552.000000, 552.000000, 8276483.000000, 552.000000, 3503018.000000, 4920344.000000, 552.000000, 4733572.000000, 30121247.000000
8.649057, 1707388.000000, 552.000000, 552.000000, 552.000000, 552.000000, 552.000000, 552.000000, 7347994.000000, 552.000000, 552.000000, 8591362.000000, 552.000000, 3503018.000000, 5295638.000000, 552.000000, 4733572.000000, 31184492.000000
8.937898, 1707388.000000, 552.000000, 552.000000, 552.000000, 552.000000, 552.000000, 552.000000, 7710410.000000, 552.000000, 552.000000, 9004922.000000, 552.000000, 3503018.000000, 5651622.000000, 552.000000, 4733572.000000, 32316452.000000
9.231378, 1707388.000000, 552.000000, 552.000000, 552.000000, 369984.000000, 552.000000, 552.000000, 8092788.000000, 552.000000, 552.000000, 9395368.000000, 552.000000, 3503018.000000, 6031946.000000, 552.000000, 4733572.000000, 33839032.000000
9.528434, 1707388.000000, 552.000000, 552.000000, 552.000000, 766282.000000, 552.000000, 552.000000, 8496096.000000, 552.000000, 552.000000, 9796004.000000, 552.000000, 3503018.000000, 6464384.000000, 552.000000, 4733572.000000, 35471712.000000
9.829978, 1707388.000000, 552.000000, 552.000000, 552.000000, 1156330.000000, 552.000000, 552.000000, 8885908.000000, 552.000000, 552.000000, 10161902.000000, 552.000000, 3503018.000000, 6857624.000000, 552.000000, 4733572.000000, 37010710.000000
10.139811, 1707388.000000, 552.000000, 552.000000, 552.000000, 1563390.000000, 552.000000, 552.000000, 9291608.000000, 552.000000, 552.000000, 10583228.000000, 552.000000, 3503018.000000, 7245938.000000, 552.000000, 4733572.000000, 38633110.000000
10.456874, 1707388.000000, 552.000000, 552.000000, 552.000000, 1964892.000000, 552.000000, 552.000000, 9688860.000000, 552.000000, 552.000000, 10976528.000000, 177316.000000, 3503018.000000, 7648734.000000, 552.000000, 4733572.000000, 40404724.000000
10.778439, 1707388.000000, 552.000000, 552.000000, 552.000000, 2375628.000000, 552.000000, 552.000000, 9795584.000000, 552.000000, 552.000000, 11404344.000000, 637100.000000, 3503018.000000, 8071385.000000, 552.000000, 4733572.000000, 42232435.000000
11.104791, 1707388.000000, 552.000000, 552.000000, 552.000000, 2800824.000000, 552.000000, 552.000000, 9795584.000000, 552.000000, 552.000000, 11785560.000000, 1064686.000000, 3503018.000000, 8499324.000000, 552.000000, 4733572.000000, 43894372.000000
11.434671, 1707388.000000, 552.000000, 552.000000, 552.000000, 3240864.000000, 552.000000, 552.000000, 9795584.000000, 315020.000000, 552.000000, 12238512.000000, 1419572.000000, 3503018.000000, 8902212.000000, 552.000000, 4733572.000000, 45859606.000000
11.767209, 1707388.000000, 552.000000, 552.000000, 552.000000, 3669680.000000, 552.000000, 552.000000, 9795584.000000, 707058.000000, 552.000000, 12659182.000000, 1794957.000000, 3503018.000000, 9350766.000000, 552.000000, 4733572.000000, 47925069.000000
12.103404, 1707388.000000, 552.000000, 552.000000, 552.000000, 4105454.000000, 552.000000, 552.000000, 9795584.000000, 1118666.000000, 552.000000, 13099098.000000, 2211474.000000, 3503018.000000, 9773008.000000, 552.000000, 4733572.000000, 50051126.000000
12.444058, 1707388.000000, 552.000000, 552.000000, 552.000000, 4548986.000000, 552.000000, 552.000000, 9795584.000000, 1528080.000000, 552.000000, 13553222.000000, 2615588.000000, 3503018.000000, 10223172.000000, 552.000000, 4733572.000000, 52212474.000000
12.791795, 1707388.000000, 552.000000, 552.000000, 552.000000, 4975184.000000, 552.000000, 410718.000000, 9795584.000000, 1942754.000000, 552.000000, 14015750.000000, 3030856.000000, 3503018.000000, 10686232.000000, 552.000000, 4733572.000000, 54804368.000000
13.147444, 1707388.000000, 552.000000, 552.000000, 552.000000, 5442944.000000, 552.000000, 895418.000000, 9795584.000000, 2390837.000000, 552.000000, 14494206.000000, 3483091.000000, 3503018.000000, 11166510.000000, 552.000000, 4733572.000000, 57615880.000000
13.511399, 1707388.000000, 552.000000, 552.000000, 552.000000, 5889658.000000, 552.000000, 1350212.000000, 9795584.000000, 2846900.000000, 552.000000, 14964830.000000, 3936300.000000, 3503018.000000, 11616898.000000, 552.000000, 4990038.000000, 60604138.000000
13.881207, 1707388.000000, 552.000000, 552.000000, 552.000000, 6315834.000000, 552.000000, 1874866.000000, 9795584.000000, 3295018.000000, 552.000000, 15420284.000000, 4383990.000000, 3503018.000000, 12067562.000000, 552.000000, 5444826.000000, 63811682.000000
14.262121, 1707388.000000, 552.000000, 552.000000, 552.000000, 6784713.000000, 552.000000, 2349482.000000, 9795584.000000, 3748526.000000, 552.000000, 15907190.000000, 4840576.000000, 3503018.000000, 12358570.000000, 552.000000, 5919894.000000, 66918253.000000
14.651808, 1707388.000000, 552.000000, 552.000000, 552.000000, 7246247.000000, 552.000000, 2856830.000000, 9795584.000000, 4224992.000000, 552.000000, 16443330.000000, 5317262.000000, 3503018.000000, 12358570.000000, 552.000000, 6393062.000000, 69849595.000000
15.046638, 1707388.000000, 552.000000, 552.000000, 552.000000, 7728149.000000, 552.000000, 3365013.000000, 9795584.000000, 4679567.000000, 552.000000, 16941816.000000, 5823709.000000, 3503018.000000, 12358570.000000, 552.000000, 6868650.000000, 72774776.000000
15.448336, 1707388.000000, 448850.000000, 552.000000, 552.000000, 8420622.000000, 552.000000, 3885880.000000, 9795584.000000, 5198145.000000, 552.000000, 17424222.000000, 6293565.000000, 3503018.000000, 12358570.000000, 552.000000, 6868650.000000, 75907254.000000
15.855737, 1707388.000000, 978788.000000, 552.000000, 552.000000, 8964562.000000, 552.000000, 4388078.000000, 9795584.000000, 5666464.000000, 552.000000, 17974168.000000, 6863910.000000, 3503018.000000, 12358570.000000, 552.000000, 6868650.000000, 79071940.000000
16.268763, 1707388.000000, 1515788.000000, 552.000000, 552.000000, 9507706.000000, 552.000000, 4955752.000000, 9795584.000000, 5666464.000000, 552.000000, 18373724.000000, 7724390.000000, 3503018.000000, 12358570.000000, 552.000000, 6868650.000000, 81979794.000000
16.687773, 1707388.000000, 2055902.000000, 552.000000, 552.000000, 10040592.000000, 552.000000, 5497836.000000, 9795584.000000, 5666464.000000, 552.000000, 18373724.000000, 8303318.000000, 3503018.000000, 12358570.000000, 552.000000, 6868650.000000, 84173806.000000
17.110839, 1707388.000000, 2603328.000000, 552.000000, 552.000000, 10605954.000000, 552.000000, 6048594.000000, 9795584.000000, 5666464.000000, 394058.000000, 18373724.000000, 8869964.000000, 3503018.000000, 12358570.000000, 552.000000, 6868650.000000, 86797504.000000
17.539701, 1707388.000000, 3163404.000000, 552.000000, 552.000000, 11168222.000000, 552.000000, 6619660.000000, 9795584.000000, 5666464.000000, 944832.000000, 18373724.000000, 9393902.000000, 3503018.000000, 12358570.000000, 552.000000, 6868650.000000, 89565626.000000
17.969571, 1707388.000000, 3739514.000000, 552.000000, 552.000000, 11739576.000000, 552.000000, 7180182.000000, 9795584.000000, 5666464.000000, 1493862.000000, 18373724.000000, 9969936.000000, 3503018.000000, 12358570.000000, 552.000000, 6868650.000000, 92398676.000000
18.403503, 1707388.000000, 4309416.000000, 552.000000, 552.000000, 12310658.000000, 552.000000, 7274774.000000, 9795584.000000, 5666464.000000, 2096182.000000, 18373724.000000, 10556944.000000, 3503018.000000, 12358570.000000, 552.000000, 6868650.000000, 94823580.000000
18.841605, 1707388.000000, 4887374.000000, 552.000000, 552.000000, 12896282.000000, 552.000000, 7274774.000000, 9795584.000000, 5666464.000000, 2677738.000000, 18373724.000000, 11149218.000000, 3503018.000000, 12358570.000000, 552.000000, 6868650.000000, 97160992.000000
19.280047, 1707388.000000, 5465102.000000, 552.000000, 552.000000, 13467316.000000, 552.000000, 7274774.000000, 9795584.000000, 5666464.000000, 3246760.000000, 18373724.000000, 11507546.000000, 3503018.000000, 12358570.000000, 552.000000, 6868650.000000, 99237104.000000
19.721289, 1707388.000000, 6037936.000000, 552.000000, 552.000000, 14031772.000000, 552.000000, 7274774.000000, 9795584.000000, 5666464.000000, 3826868.000000, 18373724.000000, 11507546.000000, 3503018.000000, 12358570.000000, 283100.000000, 6868650.000000, 101237050.000000
20.166229, 1707388.000000, 6621906.000000, 552.000000, 552.000000, 14600466.000000, 552.000000, 7274774.000000, 9795584.000000, 5666464.000000, 4395850.000000, 18373724.000000, 11507546.000000, 3503018.000000, 12358570.000000, 875998.000000, 6868650.000000, 103551594.000000
20.613995, 1707388.000000, 7207678.000000, 552.000000, 552.000000, 15202460.000000, 552.000000, 7274774.000000, 9795584.000000, 6051588.000000, 4996284.000000, 18373724.000000, 11507546.000000, 3503018.000000, 12358570.000000, 1347790.000000, 6868650.000000, 106196710.000000
21.069190, 1707388.000000, 7803402.000000, 552.000000, 552.000000, 15793944.000000, 552.000000, 7274774.000000, 9795584.000000, 6621122.000000, 5563754.000000, 18373724.000000, 11507546.000000, 3503018.000000, 12358570.000000, 1347790.000000, 6868650.000000, 108520922.000000
21.535260, 1707388.000000, 8401694.000000, 552.000000, 384718.000000, 16380950.000000, 552.000000, 7274774.000000, 9795584.000000, 7248986.000000, 6171236.000000, 18373724.000000, 11507546.000000, 3503018.000000, 12358570.000000, 1347790.000000, 6868650.000000, 111325732.000000
22.006602, 1707388.000000, 9009448.000000, 552.000000, 995488.000000, 17018920.000000, 463026.000000, 7274774.000000, 9795584.000000, 7865334.000000, 6808224.000000, 18373724.000000, 11507546.000000, 3503018.000000, 12358570.000000, 1347790.000000, 6868650.000000, 114898036.000000
22.483666, 1707388.000000, 9103228.000000, 552.000000, 1609274.000000, 17618018.000000, 1070808.000000, 7274774.000000, 9795584.000000, 8467722.000000, 7412494.000000, 18373724.000000, 11507546.000000, 3503018.000000, 12358570.000000, 1347790.000000, 6868650.000000, 118019140.000000
22.961477, 1707388.000000, 9103228.000000, 552.000000, 2230203.000000, 18245542.000000, 1697484.000000, 7274774.000000, 9795584.000000, 8925198.000000, 7899444.000000, 18373724.000000, 11507546.000000, 3503018.000000, 12358570.000000, 1347790.000000, 7329522.000000, 121299567.000000
23.443115, 1707388.000000, 9103228.000000, 552.000000, 2859718.000000, 18873050.000000, 2329444.000000, 7274774.000000, 9795584.000000, 8925198.000000, 7899444.000000, 18373724.000000, 11507546.000000, 3503018.000000, 12358570.000000, 1347790.000000, 7948034.000000, 123807062.000000
23.929235, 1707388.000000, 9103228.000000, 552.000000, 3498546.000000, 18873050.000000, 2958312.000000, 7274774.000000, 9795584.000000, 8925198.000000, 7899444.000000, 18373724.000000, 11507546.000000, 4032536.000000, 12358570.000000, 1347790.000000, 8591618.000000, 126247860.000000
24.422856, 1707388.000000, 9103228.000000, 552.000000, 4146790.000000, 18873050.000000, 3614322.000000, 7274774.000000, 9795584.000000, 8925198.000000, 7899444.000000, 18373724.000000, 11507546.000000, 4692466.000000, 12358570.000000, 1347790.000000, 9247194.000000, 128867620.000000
24.919702, 1707388.000000, 9103228.000000, 552.000000, 4243962.000000, 18873050.000000, 4049984.000000, 7274774.000000, 9994090.000000, 8925198.000000, 7899444.000000, 18373724.000000, 11507546.000000, 5300112.000000, 12358570.000000, 1347790.000000, 9844922.000000, 130804334.000000
25.419441, 1707388.000000, 9103228.000000, 552.000000, 4243962.000000, 18873050.000000, 4049984.000000, 7274774.000000, 10715078.000000, 8925198.000000, 7899444.000000, 18373724.000000, 11507546.000000, 5994322.000000, 12358570.000000, 1347790.000000, 10546396.000000, 132921006.000000
25.924035, 1707388.000000, 9103228.000000, 552.000000, 4243962.000000, 18873050.000000, 4049984.000000, 7274774.000000, 10910258.000000, 8925198.000000, 7899444.000000, 18373724.000000, 11507546.000000, 6646130.000000, 12358570.000000, 1347790.000000, 11205466.000000, 134427064.000000
26.430874, 1707388.000000, 9103228.000000, 552.000000, 4243962.000000, 18873050.000000, 4049984.000000, 7274774.000000, 10910258.000000, 8925198.000000, 7899444.000000, 18373724.000000, 11507546.000000, 6936694.000000, 12358570.000000, 1347790.000000, 11852670.000000, 135364832.000000
26.940856, 1707388.000000, 9103228.000000, 552.000000, 4243962.000000, 18873050.000000, 4049984.000000, 7274774.000000, 10910258.000000, 8925198.000000, 7899444.000000, 18373724.000000, 11507546.000000, 6936694.000000, 12358570.000000, 1347790.000000, 11852670.000000, 135364832.000000
27.453010, 1707388.000000, 9103228.000000, 552.000000, 4243962.000000, 18873050.000000, 4049984.000000, 7274774.000000, 10910258.000000, 8925198.000000, 7899444.000000, 18373724.000000, 11507546.000000, 6936694.000000, 12358570.000000, 1347790.000000, 11852670.000000, 135364832.000000
27.969010, 1707388.000000, 9103228.000000, 552.000000, 4243962.000000, 18873050.000000, 4049984.000000, 7274774.000000, 10910258.000000, 8925198.000000, 7899444.000000, 18373724.000000, 11507546.000000, 6936694.000000, 12358570.000000, 1347790.000000, 11852670.000000, 135364832.000000
28.487361, 1707388.000000, 9103228.000000, 552.000000, 4243962.000000, 18873050.000000, 4049984.000000, 7274774.000000, 10910258.000000, 8925198.000000, 7899444.000000, 18373724.000000, 11507546.000000, 6936694.000000, 12358570.000000, 1347790.000000, 11852670.000000, 135364832.000000
29.008520, 1707388.000000, 9103228.000000, 552.000000, 4243962.000000, 18873050.000000, 4049984.000000, 7274774.000000, 10910258.000000, 8925198.000000, 7899444.000000, 18373724.000000, 11507546.000000, 6936694.000000, 12358570.000000, 1347790.000000, 11852670.000000, 135364832.000000
29.531892, 1707388.000000, 9103228.000000, 552.000000, 4243962.000000, 18873050.000000, 4049984.000000, 7274774.000000, 10910258.000000, 8925198.000000, 7899444.000000, 18373724.000000, 11507546.000000, 6936694.000000, 12358570.000000, 1347790.000000, 12229090.000000, 135741252.000000
30.058484, 1707388.000000, 9103228.000000, 552.000000, 4243962.000000, 18873050.000000, 4049984.000000, 7274774.000000, 10910258.000000, 8925198.000000, 7899444.000000, 18373724.000000, 11507546.000000, 6936694.000000, 12358570.000000, 1347790.000000, 12947210.000000, 136459372.000000
30.587946, 1707388.000000, 9103228.000000, 552.000000, 4243962.000000, 18873050.000000, 4049984.000000, 7274774.000000, 10910258.000000, 8925198.000000, 7899444.000000, 18373724.000000, 11507546.000000, 6936694.000000, 12358570.000000, 1347790.000000, 13637374.000000, 137149536.000000
31.121416, 1707388.000000, 9103228.000000, 552.000000, 4429434.000000, 18873050.000000, 4049984.000000, 7274774.000000, 10910258.000000, 8925198.000000, 7899444.000000, 18373724.000000, 11507546.000000, 6936694.000000, 12358570.000000, 1347790.000000, 14363828.000000, 138061462.000000
31.659185, 1707388.000000, 9103228.000000, 552.000000, 5219688.000000, 18873050.000000, 4049984.000000, 7274774.000000, 10910258.000000, 8925198.000000, 7899444.000000, 18373724.000000, 11507546.000000, 6936694.000000, 12358570.000000, 1347790.000000, 15041304.000000, 139529192.000000
32.200418, 1707388.000000, 9103228.000000, 552.000000, 5947002.000000, 18873050.000000, 4049984.000000, 7274774.000000, 10910258.000000, 8925198.000000, 7899444.000000, 18373724.000000, 11507546.000000, 6936694.000000, 12358570.000000, 1347790.000000, 15784525.000000, 140999727.000000
32.744835, 1707388.000000, 9103228.000000, 552.000000, 6649480.000000, 18873050.000000, 4049984.000000, 7274774.000000, 10910258.000000, 8925198.000000, 7899444.000000, 18373724.000000, 11507546.000000, 6936694.000000, 12358570.000000, 1347790.000000, 16509960.000000, 142427640.000000
33.292891, 1707388.000000, 9103228.000000, 552.000000, 7362586.000000, 18873050.000000, 4049984.000000, 7274774.000000, 10910258.000000, 8925198.000000, 7899444.000000, 18373724.000000, 11507546.000000, 6936694.000000, 12358570.000000, 1954508.000000, 16892168.000000, 144129672.000000
33.844832, 1707388.000000, 9103228.000000, 552.000000, 7963880.000000, 18873050.000000, 4049984.000000, 7274774.000000, 11647284.000000, 8925198.000000, 7899444.000000, 18373724.000000, 11507546.000000, 6936694.000000, 12358570.000000, 2699132.000000, 16892168.000000, 146212616.000000
34.400999, 1707388.000000, 9103228.000000, 552.000000, 7963880.000000, 18873050.000000, 4457808.000000, 7274774.000000, 12373956.000000, 8925198.000000, 7899444.000000, 18373724.000000, 11507546.000000, 6936694.000000, 12358570.000000, 3409140.000000, 16892168.000000, 148057120.000000
34.960445, 1707388.000000, 9103228.000000, 552.000000, 7963880.000000, 18873050.000000, 5181662.000000, 7274774.000000, 13099484.000000, 8925198.000000, 7899444.000000, 18897376.000000, 11507546.000000, 6936694.000000, 12358570.000000, 4115202.000000, 16892168.000000, 150736216.000000
35.524491, 1707388.000000, 9103228.000000, 552.000000, 7963880.000000, 18873050.000000, 5927974.000000, 7274774.000000, 13856038.000000, 8925198.000000, 7899444.000000, 19648498.000000, 11507546.000000, 6936694.000000, 12358570.000000, 4920124.000000, 16892168.000000, 153795126.000000
36.093582, 1707388.000000, 9103228.000000, 552.000000, 7963880.000000, 18873050.000000, 6688822.000000, 7274774.000000, 14607390.000000, 8925198.000000, 7899444.000000, 19648498.000000, 11507546.000000, 6936694.000000, 12358570.000000, 5637782.000000, 16892168.000000, 156024984.000000
36.666691, 1707388.000000, 9103228.000000, 552.000000, 7963880.000000, 18873050.000000, 7443140.000000, 7274774.000000, 15361768.000000, 8925198.000000, 7899444.000000, 19648498.000000, 11507546.000000, 6936694.000000, 12358570.000000, 6352210.000000, 16892168.000000, 158248108.000000
37.243546, 1707388.000000, 9103228.000000, 552.000000, 7963880.000000, 18873050.000000, 8191838.000000, 7274774.000000, 16111678.000000, 8925198.000000, 7899444.000000, 19648498.000000, 11507546.000000, 6936694.000000, 12358570.000000, 6352210.000000, 17469828.000000, 160324376.000000
37.825555, 1707388.000000, 9103228.000000, 552.000000, 7963880.000000, 18873050.000000, 8963190.000000, 7274774.000000, 16882574.000000, 8925198.000000, 7899444.000000, 19648498.000000, 11507546.000000, 6936694.000000, 12358570.000000, 6352210.000000, 18261200.000000, 162657996.000000
38.409776, 1707388.000000, 9103228.000000, 552.000000, 8562838.000000, 18873050.000000, 9736882.000000, 7274774.000000, 17652150.000000, 8925198.000000, 7899444.000000, 19648498.000000, 11507546.000000, 6936694.000000, 12358570.000000, 6352210.000000, 19031998.000000, 165571020.000000
38.997921, 1707388.000000, 9103228.000000, 552.000000, 9335318.000000, 18873050.000000, 10498134.000000, 7274774.000000, 18400688.000000, 8925198.000000, 7899444.000000, 19648498.000000, 11507546.000000, 6936694.000000, 12358570.000000, 6352210.000000, 19790476.000000, 168611768.000000
39.589903, 1707388.000000, 9103228.000000, 552.000000, 10116912.000000, 18873050.000000, 11271000.000000, 7274774.000000, 19202452.000000, 8925198.000000, 8174914.000000, 19648498.000000, 11507546.000000, 6936694.000000, 12358570.000000, 6352210.000000, 20561598.000000, 172014584.000000
40.187146, 1707388.000000, 9103228.000000, 552.000000, 10906994.000000, 18873050.000000, 12069598.000000, 7274774.000000, 19989424.000000, 8925198.000000, 8174914.000000, 19648498.000000, 11507546.000000, 6936694.000000, 12358570.000000, 6352210.000000, 21367940.000000, 175196578.000000
40.787646, 1707388.000000, 9103228.000000, 552.000000, 11706858.000000, 18873050.000000, 12867808.000000, 7274774.000000, 20781394.000000, 8925198.000000, 8174914.000000, 19648498.000000, 11507546.000000, 6936694.000000, 12358570.000000, 6352210.000000, 21468422.000000, 177687104.000000
41.391067, 1707388.000000, 9103228.000000, 552.000000, 12508824.000000, 18873050.000000, 13666268.000000, 7274774.000000, 21053814.000000, 8925198.000000, 8174914.000000, 19648498.000000, 11507546.000000, 6936694.000000, 12358570.000000, 6352210.000000, 21468422.000000, 179559950.000000
41.999769, 1707388.000000, 9103228.000000, 552.000000, 13307872.000000, 18873050.000000, 14463493.000000, 7274774.000000, 21053814.000000, 8925198.000000, 8174914.000000, 19648498.000000, 11507546.000000, 6936694.000000, 12358570.000000, 6352210.000000, 21468422.000000, 181156223.000000
42.611492, 1707388.000000, 9103228.000000, 552.000000, 13666708.000000, 18873050.000000, 14802574.000000, 7274774.000000, 21053814.000000, 9804362.000000, 8174914.000000, 19648498.000000, 11507546.000000, 6936694.000000, 12358570.000000, 6352210.000000, 21468422.000000, 182733304.000000
43.227455, 1707388.000000, 9103228.000000, 552.000000, 13666708.000000, 18873050.000000, 14802574.000000, 7274774.000000, 21053814.000000, 10633012.000000, 8174914.000000, 19648498.000000, 11507546.000000, 6936694.000000, 12358570.000000, 6352210.000000, 21468422.000000, 183561954.000000
43.850082, 1707388.000000, 9103228.000000, 759580.000000, 13666708.000000, 18873050.000000, 14802574.000000, 7274774.000000, 21053814.000000, 11402390.000000, 8174914.000000, 19648498.000000, 11507546.000000, 6936694.000000, 12358570.000000, 6352210.000000, 21468422.000000, 185090360.000000
44.475609, 1707388.000000, 9103228.000000, 1590738.000000, 14477506.000000, 18873050.000000, 14802574.000000, 7274774.000000, 21053814.000000, 12298376.000000, 8174914.000000, 19648498.000000, 11507546.000000, 6936694.000000, 12358570.000000, 6352210.000000, 21468422.000000, 187628302.000000
45.106199, 1707388.000000, 9103228.000000, 2413136.000000, 15293226.000000, 18873050.000000, 14802574.000000, 7274774.000000, 21053814.000000, 13078976.000000, 8174914.000000, 19648498.000000, 11507546.000000, 6936694.000000, 12358570.000000, 6352210.000000, 21468422.000000, 190047020.000000
45.739897, 1707388.000000, 9103228.000000, 2990350.000000, 16114902.000000, 18988956.000000, 14802574.000000, 7274774.000000, 21053814.000000, 13907330.000000, 9009398.000000, 19648498.000000, 11507546.000000, 6936694.000000, 12358570.000000, 6352210.000000, 21468422.000000, 193224654.000000
46.379766, 1707388.000000, 9103228.000000, 2990350.000000, 16948118.000000, 19914388.000000, 14802574.000000, 7274774.000000, 21053814.000000, 14766556.000000, 9852156.000000, 19648498.000000, 11507546.000000, 6936694.000000, 12358570.000000, 6352210.000000, 21468422.000000, 196685286.000000
47.026677, 1707388.000000, 9103228.000000, 2990350.000000, 17796064.000000, 20652474.000000, 14802574.000000, 8019998.000000, 21053814.000000, 15619698.000000, 10703606.000000, 19648498.000000, 11507546.000000, 6936694.000000, 12358570.000000, 6352210.000000, 21468422.000000, 200721134.000000
47.679721, 1707388.000000, 9532530.000000, 2990350.000000, 18647514.000000, 20652474.000000, 14802574.000000, 8865706.000000, 21053814.000000, 16433112.000000, 11529728.000000, 19648498.000000, 11507546.000000, 6936694.000000, 12358570.000000, 6352210.000000, 21468422.000000, 204487130.000000
48.335643, 1707388.000000, 10382220.000000, 2990350.000000, 19496296.000000, 20652474.000000, 14802574.000000, 9724904.000000, 21053814.000000, 17158294.000000, 12413490.000000, 19648498.000000, 11507546.000000, 6936694.000000, 12358570.000000, 6352210.000000, 21468422.000000, 208653744.000000
48.998238, 1707388.000000, 10463490.000000, 2990350.000000, 20364520.000000, 20652474.000000, 14802574.000000, 10567984.000000, 21053814.000000, 17158294.000000, 13262296.000000, 19648498.000000, 11507546.000000, 7365762.000000, 12358570.000000, 6352210.000000, 21468422.000000, 211724192.000000
49.667535, 1707388.000000, 10463490.000000, 2990350.000000, 21222532.000000, 20652474.000000, 14802574.000000, 11447558.000000, 21053814.000000, 17158294.000000, 14108718.000000, 19648498.000000, 11962132.000000, 8244018.000000, 12358570.000000, 6352210.000000, 21468422.000000, 215641042.000000
50.343105, 1707388.000000, 10463490.000000, 2990350.000000, 22103302.000000, 20652474.000000, 14802574.000000, 12333656.000000, 21053814.000000, 17158294.000000, 15010068.000000, 19648498.000000, 12832468.000000, 9119078.000000, 12789410.000000, 6352210.000000, 21468422.000000, 220485496.000000
51.023113, 1707388.000000, 10463490.000000, 2990350.000000, 23001324.000000, 20652474.000000, 14802574.000000, 13114388.000000, 21053814.000000, 17158294.000000, 15896930.000000, 19648498.000000, 13700862.000000, 9403098.000000, 13694170.000000, 6352210.000000, 21468422.000000, 225108286.000000
51.704574, 1707388.000000, 10463490.000000, 2990350.000000, 23902726.000000, 20652474.000000, 14802574.000000, 13114388.000000, 21053814.000000, 17158294.000000, 16804766.000000, 19648498.000000, 14626590.000000, 9403098.000000, 14583116.000000, 6352210.000000, 21468422.000000, 228732198.000000
52.390974, 1707388.000000, 10463490.000000, 2990350.000000, 24795098.000000, 20652474.000000, 14802574.000000, 13114388.000000, 21342158.000000, 17158294.000000, 17700852.000000, 19648498.000000, 15522138.000000, 9403098.000000, 15473352.000000, 6352210.000000, 21468422.000000, 232594784.000000
53.078323, 1707388.000000, 10463490.000000, 2990350.000000, 25699154.000000, 20652474.000000, 14802574.000000, 13114388.000000, 22244324.000000, 17158294.000000, 18607290.000000, 19648498.000000, 16414094.000000, 9403098.000000, 16006956.000000, 6352210.000000, 21468422.000000, 236733004.000000
53.769210, 1707388.000000, 10463490.000000, 2990350.000000, 26617976.000000, 20652474.000000, 14802574.000000, 13114388.000000, 23155028.000000, 17158294.000000, 19504614.000000, 19648498.000000, 16794980.000000, 9403098.000000, 16006956.000000, 6352210.000000, 21468422.000000, 239840740.000000
54.463299, 1707388.000000, 10463490.000000, 2990350.000000, 27541034.000000, 20652474.000000, 14802574.000000, 13114388.000000, 24087140.000000, 17158294.000000, 20430485.000000, 19648498.000000, 16794980.000000, 9403098.000000, 16006956.000000, 6352210.000000, 21468422.000000, 242621781.000000
55.160826, 1707388.000000, 10463490.000000, 2990350.000000, 28467034.000000, 20652474.000000, 14802574.000000, 13114388.000000, 25015398.000000, 17158294.000000, 21362936.000000, 19648498.000000, 16794980.000000, 9403098.000000, 16006956.000000, 6352210.000000, 21468422.000000, 245408490.000000
55.861964, 1707388.000000, 10463490.000000, 2990350.000000, 29395556.000000, 20652474.000000, 14802574.000000, 13114388.000000, 25945762.000000, 17158294.000000, 22288634.000000, 19648498.000000, 16794980.000000, 9403098.000000, 16006956.000000, 6352210.000000, 21468422.000000, 248193074.000000
56.570066, 1707388.000000, 10463490.000000, 2990350.000000, 30331860.000000, 20652474.000000, 14802574.000000, 13114388.000000, 26865230.000000, 17158294.000000, 23124886.000000, 19648498.000000, 16794980.000000, 10226833.000000, 16006956.000000, 6352210.000000, 21468422.000000, 251708833.000000
57.278834, 1707388.000000, 10463490.000000, 2990350.000000, 31266809.000000, 20652474.000000, 14802574.000000, 13114388.000000, 27794338.000000, 17158294.000000, 24009507.000000, 19648498.000000, 16794980.000000, 11109621.000000, 16006956.000000, 6352210.000000, 21468422.000000, 255340299.000000
57.992129, 1707388.000000, 10463490.000000, 2990350.000000, 31670516.000000, 20652474.000000, 14802574.000000, 13114388.000000, 28752563.000000, 17158294.000000, 24892613.000000, 19648498.000000, 16794980.000000, 11991304.000000, 16006956.000000, 6352210.000000, 21468422.000000, 258467020.000000
58.707752, 1707388.000000, 10463490.000000, 2990350.000000, 31670516.000000, 20652474.000000, 14802574.000000, 13114388.000000, 29702594.000000, 17158294.000000, 25798213.000000, 19648498.000000, 16794980.000000, 12898294.000000, 16006956.000000, 6352210.000000, 22154946.000000, 261916165.000000
59.427416, 1707388.000000, 10463490.000000, 2990350.000000, 31670516.000000, 20652474.000000, 14802574.000000, 13114388.000000, 30657432.000000, 17158294.000000, 26690306.000000, 19648498.000000, 16794980.000000, 13791012.000000, 16006956.000000, 6352210.000000, 23077430.000000, 265578298.000000
60.154561, 1707388.000000, 10463490.000000, 2990350.000000, 31670516.000000, 20652474.000000, 14802574.000000, 13114388.000000, 31605340.000000, 17158294.000000, 27612113.000000, 19648498.000000, 16794980.000000, 14712312.000000, 16006956.000000, 6352210.000000, 24020570.000000, 269312453.000000
60.886249, 2372522.000000, 10463490.000000, 2990350.000000, 31670516.000000, 20652474.000000, 14802574.000000, 13114388.000000, 32533550.000000, 17158294.000000, 28503355.000000, 19648498.000000, 16794980.000000, 15602726.000000, 16006956.000000, 6352210.000000, 24412958.000000, 273079841.000000
61.622900, 3325426.000000, 10463490.000000, 2990350.000000, 31670516.000000, 20652474.000000, 14802574.000000, 13583006.000000, 33518484.000000, 17158294.000000, 29200464.000000, 19648498.000000, 16794980.000000, 16678160.000000, 16006956.000000, 6352210.000000, 24412958.000000, 277258840.000000
62.364996, 4302486.000000, 10463490.000000, 2990350.000000, 31670516.000000, 20652474.000000, 14802574.000000, 14568222.000000, 34482528.000000, 17158294.000000, 29200624.000000, 19648498.000000, 16794980.000000, 17855186.000000, 16575490.000000, 6352210.000000, 24412958.000000, 281930880.000000
63.108892, 5266096.000000, 10463490.000000, 2990350.000000, 31670516.000000, 21001789.000000, 14802574.000000, 15538808.000000, 35380631.000000, 17158294.000000, 29200624.000000, 19648498.000000, 16794980.000000, 18155862.000000, 17597630.000000, 6352210.000000, 24412958.000000, 286435310.000000
63.857864, 6254136.000000, 10463490.000000, 2990350.000000, 31670516.000000, 21927104.000000, 14802574.000000, 16529274.000000, 36306537.000000, 17158294.000000, 29200624.000000, 19648498.000000, 16794980.000000, 18155862.000000, 18572980.000000, 6352210.000000, 24412958.000000, 291240387.000000
64.611408, 7241587.000000, 10680840.000000, 2990350.000000, 31670516.000000, 22851611.000000, 14802574.000000, 17516066.000000, 37229082.000000, 17158294.000000, 29200624.000000, 19648498.000000, 16794980.000000, 18155862.000000, 19557950.000000, 6352210.000000, 24412958.000000, 296264002.000000
65.370417, 8222470.000000, 11682864.000000, 2990350.000000, 31670516.000000, 23786975.000000, 14802574.000000, 18497648.000000, 38160284.000000, 17158294.000000, 29200624.000000, 19648498.000000, 16794980.000000, 18155862.000000, 20569310.000000, 6352210.000000, 24412958.000000, 302106417.000000
66.135229, 9213556.000000, 12683866.000000, 2990350.000000, 31945826.000000, 24709092.000000, 14802574.000000, 19492710.000000, 39086861.000000, 17158294.000000, 29200624.000000, 19648498.000000, 16794980.000000, 18155862.000000, 21612517.000000, 6352210.000000, 24412958.000000, 308260778.000000
66.901085, 10223394.000000, 13686038.000000, 2990350.000000, 32906330.000000, 25734434.000000, 14802574.000000, 20498490.000000, 39980982.000000, 17158294.000000, 29200624.000000, 19648498.000000, 16794980.000000, 18155862.000000, 22583242.000000, 6352210.000000, 24412958.000000, 315129260.000000
67.672577, 11236456.000000, 14698290.000000, 2990350.000000, 33875741.000000, 26730524.000000, 14802574.000000, 21514096.000000, 40933284.000000, 17158294.000000, 29200624.000000, 19648498.000000, 16794980.000000, 18155862.000000, 23635336.000000, 6352210.000000, 24412958.000000, 322140077.000000
68.447573, 12249104.000000, 15667468.000000, 2990350.000000, 34841201.000000, 27717842.000000, 14802574.000000, 22520920.000000, 41877584.000000, 17158294.000000, 29200624.000000, 19648498.000000, 16794980.000000, 18155862.000000, 24604342.000000, 6352210.000000, 24412958.000000, 328994811.000000
69.228150, 12293734.000000, 15667468.000000, 2990350.000000, 35816806.000000, 28695274.000000, 14802574.000000, 23520212.000000, 42828732.000000, 17158294.000000, 29200624.000000, 19648498.000000, 16794980.000000, 18155862.000000, 25630790.000000, 6352210.000000, 24412958.000000, 333969366.000000
70.015183, 12293734.000000, 15667468.000000, 2990350.000000, 36803973.000000, 28695274.000000, 14802574.000000, 24566942.000000, 44171581.000000, 17158294.000000, 29200624.000000, 19648498.000000, 16794980.000000, 18155862.000000, 26695176.000000, 6352210.000000, 24412958.000000, 338410498.000000
70.803904, 12293734.000000, 15667468.000000, 2990350.000000, 37785512.000000, 28695274.000000, 14802574.000000, 25615468.000000, 45167622.000000, 17158294.000000, 29200624.000000, 20100470.000000, 16794980.000000, 18155862.000000, 27725196.000000, 6352210.000000, 24412958.000000, 342918596.000000
71.599006, 12293734.000000, 15667468.000000, 2990350.000000, 38340962.000000, 28695274.000000, 14999638.000000, 26644256.000000, 46195898.000000, 17158294.000000, 29200624.000000, 21170512.000000, 16794980.000000, 18155862.000000, 28676088.000000, 6352210.000000, 24412958.000000, 347749108.000000
72.399236, 12293734.000000, 15667468.000000, 2990350.000000, 38340962.000000, 28695274.000000, 16132266.000000, 27699906.000000, 46195898.000000, 17158294.000000, 29200624.000000, 22225756.000000, 16794980.000000, 18155862.000000, 28676088.000000, 6352210.000000, 24412958.000000, 350992630.000000
73.203378, 12293734.000000, 15667468.000000, 2990350.000000, 38340962.000000, 28695274.000000, 17189568.000000, 28766660.000000, 46195898.000000, 17158294.000000, 29200624.000000, 23295690.000000, 17494426.000000, 18155862.000000, 28676088.000000, 6352210.000000, 24412958.000000, 354886066.000000
74.008319, 12293734.000000, 15667468.000000, 2990350.000000, 38340962.000000, 28695274.000000, 18229702.000000, 29814498.000000, 46195898.000000, 17158294.000000, 29200624.000000, 24346608.000000, 18520665.000000, 18155862.000000, 28676088.000000, 6352210.000000, 24412958.000000, 359051195.000000
74.816006, 12293734.000000, 15797878.000000, 3810370.000000, 38340962.000000, 28695274.000000, 19297452.000000, 30859376.000000, 46195898.000000, 17158294.000000, 29200624.000000, 25382568.000000, 18745602.000000, 18155862.000000, 28676088.000000, 6352210.000000, 24412958.000000, 363375150.000000
75.628135, 12293734.000000, 16926548.000000, 4867894.000000, 38340962.000000, 28695274.000000, 20371532.000000, 31934262.000000, 46195898.000000, 17158294.000000, 29200624.000000, 26179130.000000, 18745602.000000, 18155862.000000, 28676088.000000, 6589832.000000, 24412958.000000, 368744494.000000
76.447418, 12293734.000000, 17145154.000000, 5946930.000000, 38340962.000000, 28695274.000000, 21438388.000000, 33000370.000000, 46195898.000000, 17158294.000000, 29200624.000000, 26179130.000000, 18745602.000000, 18155862.000000, 28676088.000000, 7777690.000000, 24412958.000000, 373362958.000000
77.270676, 12293734.000000, 17677163.000000, 7013098.000000, 38340962.000000, 28695274.000000, 22504026.000000, 34067580.000000, 46195898.000000, 17158294.000000, 29200624.000000, 26179130.000000, 18745602.000000, 18155862.000000, 28676088.000000, 8044266.000000, 24412958.000000, 377360559.000000
78.100122, 12293734.000000, 18759816.000000, 8098708.000000, 38340962.000000, 28695274.000000, 23597974.000000, 35167252.000000, 46195898.000000, 18181220.000000, 29200624.000000, 26179130.000000, 18745602.000000, 18155862.000000, 28676088.000000, 8044266.000000, 24412958.000000, 382745368.000000
78.934720, 12293734.000000, 19851606.000000, 9191814.000000, 38340962.000000, 28695274.000000, 24667022.000000, 36231228.000000, 46195898.000000, 19189028.000000, 29743417.000000, 26179130.000000, 18745602.000000, 18155862.000000, 28676088.000000, 8044266.000000, 24412958.000000, 388613889.000000
79.770575, 12293734.000000, 20944596.000000, 10284914.000000, 38340962.000000, 28695274.000000, 24866926.000000, 36423766.000000, 46195898.000000, 20224613.000000, 30776190.000000, 26179130.000000, 18745602.000000, 18155862.000000, 28676088.000000, 8044266.000000, 24412958.000000, 393260779.000000
80.618920, 12293734.000000, 21399464.000000, 11409296.000000, 38340962.000000, 28695274.000000, 24866926.000000, 36423766.000000, 46195898.000000, 21465612.000000, 30776350.000000, 26179130.000000, 18745602.000000, 18155862.000000, 28676088.000000, 8044266.000000, 24412958.000000, 396081188.000000
81.471250, 12293734.000000, 21399464.000000, 12530346.000000, 38340962.000000, 28695274.000000, 24866926.000000, 36423766.000000, 46195898.000000, 21933514.000000, 30776350.000000, 27101388.000000, 18745602.000000, 18155862.000000, 28676088.000000, 8044266.000000, 24412958.000000, 398592398.000000
82.326855, 12293734.000000, 21399464.000000, 13660427.000000, 38340962.000000, 28695274.000000, 24866926.000000, 36423766.000000, 46195898.000000, 21933514.000000, 30776350.000000, 28227344.000000, 18745602.000000, 18155862.000000, 28676088.000000, 8044266.000000, 24412958.000000, 400848435.000000
83.185813, 12293734.000000, 21399464.000000, 14797518.000000, 38340962.000000, 28695274.000000, 24866926.000000, 36423766.000000, 46195898.000000, 21933514.000000, 30776350.000000, 29371744.000000, 18745602.000000, 19354588.000000, 28676088.000000, 8044266.000000, 24412958.000000, 404328652.000000
84.045383, 12293734.000000, 21399464.000000, 15944212.000000, 38340962.000000, 28695274.000000, 24866926.000000, 36423766.000000, 46195898.000000, 21933514.000000, 30776350.000000, 30517602.000000, 18745602.000000, 20487842.000000, 28676088.000000, 8044266.000000, 24412958.000000, 407754458.000000
84.910462, 12293734.000000, 21399464.000000, 16966260.000000, 38949805.000000, 28695274.000000, 24866926.000000, 36423766.000000, 46195898.000000, 21933514.000000, 30776350.000000, 30852178.000000, 18745602.000000, 21627596.000000, 28676088.000000, 8044266.000000, 24412958.000000, 410859679.000000
85.781968, 12293734.000000, 21399464.000000, 18038337.000000, 40015998.000000, 28695274.000000, 24866926.000000, 36423766.000000, 47173288.000000, 21933514.000000, 30776350.000000, 30852178.000000, 18745602.000000, 22782774.000000, 28676088.000000, 8044266.000000, 24412958.000000, 415130517.000000
86.657250, 12293734.000000, 21399464.000000, 19137432.000000, 41115932.000000, 28695274.000000, 24866926.000000, 36423766.000000, 47673728.000000, 21933514.000000, 30776350.000000, 30852178.000000, 18745602.000000, 23838416.000000, 28676088.000000, 8379298.000000, 24412958.000000, 419220660.000000
87.537344, 12293734.000000, 21399464.000000, 20530004.000000, 41497092.000000, 28695274.000000, 24866926.000000, 36423766.000000, 47673728.000000, 21933514.000000, 30776350.000000, 30852178.000000, 18745602.000000, 24932175.000000, 28676088.000000, 9445710.000000, 24412958.000000, 423154563.000000
88.421132, 12293734.000000, 21399464.000000, 20819208.000000, 41497092.000000, 28695274.000000, 24866926.000000, 36423766.000000, 47673728.000000, 21933514.000000, 30776350.000000, 30852178.000000, 18745602.000000, 25168412.000000, 28676088.000000, 10742984.000000, 24999750.000000, 425564070.000000
89.314819, 12293734.000000, 21399464.000000, 20819208.000000, 41497092.000000, 28695274.000000, 24866926.000000, 36423766.000000, 47673728.000000, 21933514.000000, 30776350.000000, 30852178.000000, 18745602.000000, 25168412.000000, 28676088.000000, 11906481.000000, 26172412.000000, 427900229.000000
90.211312, 12293734.000000, 21399464.000000, 20819208.000000, 41497092.000000, 28695274.000000, 24866926.000000, 36423766.000000, 47673728.000000, 21933514.000000, 30776350.000000, 31990096.000000, 19581452.000000, 25168412.000000, 28676088.000000, 12587298.000000, 27345212.000000, 431727614.000000
91.111573, 12293734.000000, 21399464.000000, 20819208.000000, 41497092.000000, 29597410.000000, 24866926.000000, 36423766.000000, 47673728.000000, 21933514.000000, 30776350.000000, 33202206.000000, 20784018.000000, 25168412.000000, 28676088.000000, 12587298.000000, 28531338.000000, 436230552.000000
92.015826, 12293734.000000, 21399464.000000, 20819208.000000, 41497092.000000, 29597410.000000, 24866926.000000, 36423766.000000, 47673728.000000, 21933514.000000, 30776350.000000, 34366452.000000, 21972342.000000, 25512527.000000, 28676088.000000, 12587298.000000, 29674948.000000, 440070847.000000
92.925945, 12293734.000000, 21399464.000000, 20819208.000000, 41497092.000000, 29597410.000000, 24866926.000000, 36423766.000000, 47673728.000000, 21933514.000000, 30776350.000000, 35524756.000000, 23162264.000000, 26684668.000000, 28676088.000000, 13621568.000000, 30832812.000000, 445783348.000000
93.844622, 12293734.000000, 21399464.000000, 20819208.000000, 41497092.000000, 29597410.000000, 24866926.000000, 37232712.000000, 47673728.000000, 21933514.000000, 30776350.000000, 36770670.000000, 24344224.000000, 27881900.000000, 28676088.000000, 14800458.000000, 31648778.000000, 452212256.000000
94.768813, 12293734.000000, 21399464.000000, 20819208.000000, 41497092.000000, 29597410.000000, 25341674.000000, 38402126.000000, 47673728.000000, 21933514.000000, 30776350.000000, 37937948.000000, 25578862.000000, 29075946.000000, 28676088.000000, 16085050.000000, 31648778.000000, 458736972.000000
95.699893, 12293734.000000, 21399464.000000, 20819208.000000, 41497092.000000, 29597410.000000, 25374818.000000, 39658462.000000, 47673728.000000, 21933514.000000, 30776350.000000, 39108620.000000, 26768794.000000, 30246230.000000, 29291464.000000, 17273870.000000, 31648778.000000, 465361536.000000
96.645134, 12293734.000000, 21399464.000000, 20819208.000000, 41497092.000000, 29597410.000000, 25374818.000000, 40861646.000000, 47673728.000000, 21933514.000000, 30776350.000000, 39108620.000000, 27981518.000000, 31531652.000000, 29712700.000000, 18453870.000000, 31648778.000000, 470664102.000000
97.595534, 12293734.000000, 21399464.000000, 20819208.000000, 41497092.000000, 29597410.000000, 25374818.000000, 42130842.000000, 47673728.000000, 21933514.000000, 30776350.000000, 39108620.000000, 29274431.000000, 32829526.000000, 30947956.000000, 19778396.000000, 31648778.000000, 477083867.000000
98.552406, 12293734.000000, 21399464.000000, 20819208.000000, 41497092.000000, 29597410.000000, 25374818.000000, 43363326.000000, 47673728.000000, 21933514.000000, 30776350.000000, 39108620.000000, 30385476.000000, 33973300.000000, 32137040.000000, 20945602.000000, 31648778.000000, 482927460.000000
99.514064, 12293734.000000, 21399464.000000, 21356060.000000, 41497092.000000, 29597410.000000, 25374818.000000, 43646926.000000, 47673728.000000, 21933514.000000, 30776350.000000, 39108620.000000, 30385476.000000, 35332378.000000, 33417560.000000, 22176873.000000, 32642608.000000, 488612611.000000
100.478034, 12293734.000000, 21399464.000000, 22608528.000000, 41497092.000000, 29597410.000000, 25374818.000000, 43646926.000000, 48028568.000000, 21933514.000000, 30776350.000000, 39108620.000000, 30385476.000000, 36555970.000000, 34656304.000000, 22827894.000000, 33974072.000000, 494664740.000000
101.449673, 12293734.000000, 21399464.000000, 23879442.000000, 41497092.000000, 29597410.000000, 25374818.000000, 43646926.000000, 49335264.000000, 21933514.000000, 30776350.000000, 39108620.000000, 30385476.000000, 37835272.000000, 35974002.000000, 22827894.000000, 35241784.000000, 501107062.000000
102.429901, 12293734.000000, 21399464.000000, 25162472.000000, 41497092.000000, 29597410.000000, 25374818.000000, 43646926.000000, 50599904.000000, 21933514.000000, 30776350.000000, 39108620.000000, 30385476.000000, 39067650.000000, 37213792.000000, 22827894.000000, 36487916.000000, 507373032.000000
103.417414, 12293734.000000, 22479883.000000, 26443080.000000, 41497092.000000, 29597410.000000, 25947952.000000, 43646926.000000, 51200618.000000, 21933514.000000, 30776350.000000, 39108620.000000, 30385476.000000, 40387428.000000, 38495392.000000, 22827894.000000, 37796466.000000, 514817835.000000
104.409572, 12293734.000000, 23786392.000000, 27755087.000000, 41497092.000000, 29597410.000000, 27269286.000000, 43646926.000000, 51200618.000000, 21933514.000000, 30776350.000000, 39108620.000000, 30385476.000000, 41706097.000000, 39802788.000000, 22827894.000000, 39129738.000000, 522717022.000000
105.406842, 12293734.000000, 25088564.000000, 29061536.000000, 41497092.000000, 29597410.000000, 28566008.000000, 43646926.000000, 51200618.000000, 21933514.000000, 30776350.000000, 39108620.000000, 30385476.000000, 43010320.000000, 41131132.000000, 22827894.000000, 40436555.000000, 530561749.000000
106.410679, 12293734.000000, 26411014.000000, 30358760.000000, 41497092.000000, 29597410.000000, 29887920.000000, 43646926.000000, 51858886.000000, 21933514.000000, 30776350.000000, 39108620.000000, 30385476.000000, 44336582.000000, 41442722.000000, 22827894.000000, 41710306.000000, 538073206.000000
107.426510, 12293734.000000, 27720856.000000, 31690466.000000, 41497092.000000, 29597410.000000, 31041420.000000, 43646926.000000, 53179504.000000, 21933514.000000, 30776350.000000, 39108620.000000, 30385476.000000, 45577788.000000, 41442722.000000, 22827894.000000, 43025488.000000, 545745260.000000
108.446372, 12293734.000000, 29061140.000000, 33026364.000000, 41497092.000000, 30776368.000000, 31041420.000000, 43646926.000000, 53651336.000000, 21933514.000000, 30776350.000000, 39108620.000000, 30385476.000000, 46993140.000000, 41442722.000000, 22827894.000000, 44388116.000000, 552850212.000000
109.467503, 12293734.000000, 30413346.000000, 34375572.000000, 41497092.000000, 32117538.000000, 31041420.000000, 43646926.000000, 53651336.000000, 21933514.000000, 30776350.000000, 39108620.000000, 30385476.000000, 48309916.000000, 41442722.000000, 22827894.000000, 45719374.000000, 559540830.000000
110.492773, 12293734.000000, 31777874.000000, 35739956.000000, 41497092.000000, 32320512.000000, 31041420.000000, 43646926.000000, 53651336.000000, 21933514.000000, 30776350.000000, 39108620.000000, 30385476.000000, 48822492.000000, 41442722.000000, 22827894.000000, 47099048.000000, 564364966.000000
111.522983, 12293734.000000, 33141792.000000, 37104708.000000, 41497092.000000, 32320512.000000, 31041420.000000, 43646926.000000, 53651336.000000, 21933514.000000, 30776350.000000, 39108620.000000, 30385476.000000, 48822492.000000, 41442722.000000, 22827894.000000, 47997342.000000, 567991930.000000
112.556537, 12293734.000000, 34496756.000000, 38459894.000000, 41497092.000000, 33228886.000000, 31041420.000000, 43646926.000000, 53651336.000000, 21933514.000000, 30776350.000000, 39108620.000000, 30796204.000000, 48822492.000000, 41442722.000000, 22827894.000000, 47997342.000000, 572021182.000000
113.600615, 12293734.000000, 35850884.000000, 39813308.000000, 41497092.000000, 34558688.000000, 31041420.000000, 43646926.000000, 53651336.000000, 22526844.000000, 30776350.000000, 39108620.000000, 32137828.000000, 48822492.000000, 41442722.000000, 22827894.000000, 47997342.000000, 577993480.000000
114.650012, 12293734.000000, 37218714.000000, 40588034.000000, 41497092.000000, 35956276.000000, 31041420.000000, 43646926.000000, 53651336.000000, 23854550.000000, 30776350.000000, 39108620.000000, 33483052.000000, 48822492.000000, 41815228.000000, 22827894.000000, 47997342.000000, 584579060.000000
115.708308, 12293734.000000, 38591504.000000, 40588034.000000, 41497092.000000, 37300894.000000, 31210946.000000, 43646926.000000, 53651336.000000, 25236088.000000, 30776350.000000, 39108620.000000, 34840946.000000, 48822492.000000, 42735380.000000, 22827894.000000, 47997342.000000, 591125578.000000
116.774025, 12293734.000000, 39984402.000000, 40588034.000000, 41497092.000000, 38700958.000000, 32675956.000000, 43646926.000000, 53651336.000000, 26599222.000000, 30776350.000000, 39233234.000000, 36276342.000000, 48822492.000000, 43187764.000000, 22827894.000000, 47997342.000000, 598759078.000000
117.853875, 12293734.000000, 41403020.000000, 40588034.000000, 41497092.000000, 40137876.000000, 34094794.000000, 43646926.000000, 53651336.000000, 27867554.000000, 30776350.000000, 40585136.000000, 37698010.000000, 48822492.000000, 43187764.000000, 22827894.000000, 47997342.000000, 607075354.000000
118.947139, 12293734.000000, 42806206.000000, 40588034.000000, 41497092.000000, 41546752.000000, 35523202.000000, 43646926.000000, 53651336.000000, 29463010.000000, 30776350.000000, 40921554.000000, 38825010.000000, 48822492.000000, 43187764.000000, 22827894.000000, 47997342.000000, 614374698.000000
120.049747, 12293734.000000, 44261028.000000, 40588034.000000, 42489558.000000, 42995832.000000, 36956248.000000, 43646926.000000, 53651336.000000, 29463010.000000, 32220410.000000, 40921554.000000, 38825010.000000, 48822492.000000, 43187764.000000, 22827894.000000, 47997342.000000, 621148172.000000
121.156753, 12293734.000000, 45721956.000000, 40588034.000000, 43956442.000000, 44450852.000000, 37756224.000000, 43646926.000000, 53651336.000000, 29463010.000000, 33016196.000000, 40921554.000000, 38825010.000000, 48822492.000000, 43187764.000000, 22827894.000000, 47997342.000000, 627126766.000000
122.268331, 12293734.000000, 47193110.000000, 40588034.000000, 45430104.000000, 45912862.000000, 37756224.000000, 43646926.000000, 53651336.000000, 29463010.000000, 33016196.000000, 40921554.000000, 38825010.000000, 48822492.000000, 43187764.000000, 22827894.000000, 47997342.000000, 631533592.000000
123.383141, 12293734.000000, 47255026.000000, 40588034.000000, 46903984.000000, 47381024.000000, 37756224.000000, 43646926.000000, 53651336.000000, 29463010.000000, 33016196.000000, 40921554.000000, 38825010.000000, 49991672.000000, 43187764.000000, 22827894.000000, 47997342.000000, 635706730.000000
124.508111, 12293734.000000, 47255026.000000, 40588034.000000, 48388748.000000, 47923542.000000, 37756224.000000, 43646926.000000, 53651336.000000, 30581564.000000, 33016196.000000, 40921554.000000, 38825010.000000, 49991672.000000, 43187764.000000, 22827894.000000, 47997342.000000, 638852566.000000
125.639499, 12293734.000000, 47255026.000000, 40588034.000000, 48611278.000000, 47923542.000000, 37756224.000000, 43646926.000000, 53651336.000000, 32068894.000000, 33016196.000000, 40921554.000000, 38825010.000000, 51214580.000000, 43187764.000000, 22827894.000000, 47997342.000000, 641785334.000000
126.774861, 12293734.000000, 47255026.000000, 40588034.000000, 48611278.000000, 47923542.000000, 37756224.000000, 43646926.000000, 53651336.000000, 33584968.000000, 33016196.000000, 40921554.000000, 38825010.000000, 52716096.000000, 43187764.000000, 22827894.000000, 47997342.000000, 644802924.000000
127.914011, 12293734.000000, 47255026.000000, 40588034.000000, 48611278.000000, 47923542.000000, 37756224.000000, 43646926.000000, 53651336.000000, 34430032.000000, 33016196.000000, 40921554.000000, 38825010.000000, 54055466.000000, 43187764.000000, 22827894.000000, 47997342.000000, 646987358.000000
129.055460, 13704592.000000, 47255026.000000, 41337614.000000, 48611278.000000, 47923542.000000, 37756224.000000, 43646926.000000, 53651336.000000, 34430032.000000, 33016196.000000, 40921554.000000, 38825010.000000, 54055466.000000, 43187764.000000, 22827894.000000, 47997342.000000, 649147796.000000
130.200468, 15229406.000000, 47255026.000000, 42861916.000000, 48611278.000000, 47923542.000000, 37756224.000000, 43646926.000000, 53651336.000000, 34430032.000000, 33016196.000000, 40921554.000000, 38825010.000000, 54055466.000000, 43187764.000000, 22827894.000000, 47997342.000000, 652196912.000000
131.348689, 15362844.000000, 47255026.000000, 44386416.000000, 48611278.000000, 47923542.000000, 37756224.000000, 43646926.000000, 53651336.000000, 34430032.000000, 33016196.000000, 40921554.000000, 38825010.000000, 54055466.000000, 43187764.000000, 22827894.000000, 47997342.000000, 653854850.000000
132.500423, 15362844.000000, 47255026.000000, 44920192.000000, 48611278.000000, 47923542.000000, 37756224.000000, 43646926.000000, 53651336.000000, 34430032.000000, 33016196.000000, 40921554.000000, 38825010.000000, 54055466.000000, 43187764.000000, 22827894.000000, 47997342.000000, 654388626.000000
133.655265, 15362844.000000, 47255026.000000, 44920192.000000, 48611278.000000, 47923542.000000, 37756224.000000, 43646926.000000, 53651336.000000, 34430032.000000, 33016196.000000, 40921554.000000, 38825010.000000, 54055466.000000, 43187764.000000, 22827894.000000, 47997342.000000, 654388626.000000
134.811971, 15362844.000000, 47255026.000000, 44920192.000000, 48611278.000000, 47923542.000000, 37756224.000000, 43646926.000000, 53651336.000000, 34430032.000000, 33016196.000000, 40921554.000000, 38825010.000000, 54055466.000000, 43187764.000000, 22827894.000000, 47997342.000000, 654388626.000000
135.971241, 15362844.000000, 47255026.000000, 44920192.000000, 48611278.000000, 47923542.000000, 37756224.000000, 43646926.000000, 53651336.000000, 34430032.000000, 33016196.000000, 40921554.000000, 38825010.000000, 54055466.000000, 43187764.000000, 22827894.000000, 47997342.000000, 654388626.000000
137.133656, 15362844.000000, 47255026.000000, 44920192.000000, 48611278.000000, 47923542.000000, 37756224.000000, 43646926.000000, 53651336.000000, 34430032.000000, 33016196.000000, 40921554.000000, 38825010.000000, 54055466.000000, 43187764.000000, 22827894.000000, 47997342.000000, 654388626.000000
138.298809, 15362844.000000, 47255026.000000, 44920192.000000, 48611278.000000, 47923542.000000, 37756224.000000, 43646926.000000, 53651336.000000, 34430032.000000, 33016196.000000, 40921554.000000, 38825010.000000, 54055466.000000, 43187764.000000, 22827894.000000, 47997342.000000, 654388626.000000
139.466149, 15362844.000000, 47255026.000000, 44920192.000000, 48611278.000000, 47923542.000000, 37756224.000000, 43646926.000000, 53651336.000000, 34430032.000000, 33016196.000000, 40921554.000000, 38825010.000000, 54055466.000000, 43187764.000000, 22827894.000000, 47997342.000000, 654388626.000000
140.635682, 15362844.000000, 47255026.000000, 44920192.000000, 48611278.000000, 47923542.000000, 37756224.000000, 43646926.000000, 53651336.000000, 34430032.000000, 33016196.000000, 40921554.000000, 38825010.000000, 54055466.000000, 43187764.000000, 22827894.000000, 47997342.000000, 654388626.000000
141.807571, 15362844.000000, 47255026.000000, 44920192.000000, 48611278.000000, 47923542.000000, 37756224.000000, 43646926.000000, 53651336.000000, 34430032.000000, 33016196.000000, 40921554.000000, 38825010.000000, 54055466.000000, 43187764.000000, 22827894.000000, 47997342.000000, 654388626.000000
