0.101945, 552.000000, 552.000000, 552.000000, 552.000000, 552.000000, 552.000000, 552.000000, 552.000000, 552.000000, 552.000000, 552.000000, 552.000000, 552.000000, 552.000000, 552.000000, 552.000000, 8832.000000
0.208065, 552.000000, 552.000000, 552.000000, 552.000000, 552.000000, 552.000000, 552.000000, 552.000000, 552.000000, 552.000000, 552.000000, 552.000000, 552.000000, 552.000000, 552.000000, 552.000000, 8832.000000
0.316697, 552.000000, 552.000000, 552.000000, 552.000000, 552.000000, 552.000000, 552.000000, 552.000000, 552.000000, 552.000000, 552.000000, 552.000000, 552.000000, 552.000000, 552.000000, 552.000000, 8832.000000
0.428999, 552.000000, 552.000000, 552.000000, 552.000000, 552.000000, 552.000000, 552.000000, 552.000000, 552.000000, 552.000000, 552.000000, 552.000000, 552.000000, 552.000000, 552.000000, 552.000000, 8832.000000
0.544718, 552.000000, 552.000000, 552.000000, 552.000000, 552.000000, 552.000000, 552.000000, 552.000000, 552.000000, 552.000000, 552.000000, 552.000000, 552.000000, 552.000000, 552.000000, 552.000000, 8832.000000
0.665088, 552.000000, 552.000000, 552.000000, 552.000000, 552.000000, 552.000000, 552.000000, 552.000000, 552.000000, 552.000000, 552.000000, 552.000000, 552.000000, 552.000000, 552.000000, 552.000000, 8832.000000
0.787524, 193262.000000, 552.000000, 552.000000, 552.000000, 552.000000, 552.000000, 552.000000, 552.000000, 552.000000, 552.000000, 552.000000, 552.000000, 552.000000, 552.000000, 552.000000, 552.000000, 201542.000000
0.911908, 460263.000000, 552.000000, 552.000000, 552.000000, 552.000000, 552.000000, 552.000000, 552.000000, 552.000000, 552.000000, 552.000000, 552.000000, 552.000000, 552.000000, 552.000000, 552.000000, 468543.000000
1.039769, 648962.000000, 552.000000, 552.000000, 552.000000, 552.000000, 552.000000, 552.000000, 552.000000, 552.000000, 552.000000, 552.000000, 552.000000, 552.000000, 552.000000, 552.000000, 552.000000, 657242.000000
1.168388, 817366.000000, 552.000000, 552.000000, 552.000000, 552.000000, 552.000000, 552.000000, 552.000000, 552.000000, 552.000000, 552.000000, 552.000000, 552.000000, 552.000000, 552.000000, 552.000000, 825646.000000
1.300604, 984842.000000, 552.000000, 552.000000, 552.000000, 552.000000, 552.000000, 552.000000, 552.000000, 552.000000, 552.000000, 552.000000, 552.000000, 552.000000, 552.000000, 552.000000, 552.000000, 993122.000000
1.437512, 1159506.000000, 552.000000, 552.000000, 552.000000, 552.000000, 552.000000, 552.000000, 552.000000, 552.000000, 552.000000, 552.000000, 552.000000, 552.000000, 552.000000, 552.000000, 552.000000, 1167786.000000
1.575753, 1340694.000000, 552.000000, 552.000000, 552.000000, 552.000000, 552.000000, 552.000000, 552.000000, 552.000000, 552.000000, 552.000000, 552.000000, 552.000000, 552.000000, 552.000000, 99084.000000, 1447506.000000
1.717331, 1531719.000000, 552.000000, 552.000000, 552.000000, 552.000000, 552.000000, 552.000000, 552.000000, 552.000000, 552.000000, 552.000000, 552.000000, 552.000000, 552.000000, 552.000000, 420762.000000, 1960209.000000
1.861635, 1714868.000000, 552.000000, 552.000000, 552.000000, 552.000000, 552.000000, 552.000000, 552.000000, 552.000000, 552.000000, 552.000000, 552.000000, 552.000000, 552.000000, 552.000000, 600376.000000, 2322972.000000
2.010920, 1750670.000000, 552.000000, 552.000000, 552.000000, 552.000000, 552.000000, 552.000000, 552.000000, 552.000000, 552.000000, 552.000000, 552.000000, 552.000000, 552.000000, 552.000000, 769614.000000, 2528012.000000
2.165226, 1750670.000000, 552.000000, 552.000000, 552.000000, 552.000000, 552.000000, 552.000000, 552.000000, 552.000000, 552.000000, 552.000000, 552.000000, 552.000000, 552.000000, 552.000000, 966120.000000, 2724518.000000
2.321429, 1750670.000000, 552.000000, 552.000000, 552.000000, 552.000000, 552.000000, 552.000000, 552.000000, 552.000000, 552.000000, 213548.000000, 552.000000, 552.000000, 552.000000, 552.000000, 1182151.000000, 3153545.000000
2.479930, 1750670.000000, 552.000000, 552.000000, 552.000000, 552.000000, 552.000000, 552.000000, 552.000000, 552.000000, 552.000000, 473096.000000, 552.000000, 552.000000, 552.000000, 552.000000, 1379985.000000, 3610927.000000
2.641318, 1750670.000000, 552.000000, 552.000000, 552.000000, 552.000000, 552.000000, 552.000000, 552.000000, 552.000000, 552.000000, 682482.000000, 552.000000, 552.000000, 552.000000, 552.000000, 1605924.000000, 4046252.000000
2.808641, 1750670.000000, 552.000000, 552.000000, 552.000000, 552.000000, 552.000000, 552.000000, 552.000000, 552.000000, 552.000000, 899210.000000, 552.000000, 552.000000, 552.000000, 552.000000, 1810780.000000, 4467836.000000
2.978503, 1750670.000000, 552.000000, 552.000000, 552.000000, 552.000000, 552.000000, 552.000000, 552.000000, 552.000000, 552.000000, 1113480.000000, 552.000000, 552.000000, 552.000000, 552.000000, 2026612.000000, 4897938.000000
3.149966, 1750670.000000, 552.000000, 552.000000, 552.000000, 552.000000, 552.000000, 552.000000, 122254.000000, 552.000000, 552.000000, 1347156.000000, 552.000000, 552.000000, 552.000000, 552.000000, 2271792.000000, 5498496.000000
3.324297, 1750670.000000, 552.000000, 552.000000, 552.000000, 552.000000, 552.000000, 552.000000, 431456.000000, 552.000000, 552.000000, 1577478.000000, 552.000000, 552.000000, 552.000000, 552.000000, 2484746.000000, 6250974.000000
3.501776, 1750670.000000, 552.000000, 552.000000, 552.000000, 552.000000, 552.000000, 552.000000, 668176.000000, 552.000000, 552.000000, 1785370.000000, 552.000000, 552.000000, 552.000000, 552.000000, 2618626.000000, 6829466.000000
3.682488, 1750670.000000, 552.000000, 552.000000, 552.000000, 552.000000, 552.000000, 552.000000, 901160.000000, 552.000000, 552.000000, 2031892.000000, 552.000000, 552.000000, 552.000000, 552.000000, 2618626.000000, 7308972.000000
3.870113, 1750670.000000, 552.000000, 552.000000, 552.000000, 552.000000, 552.000000, 552.000000, 1138250.000000, 552.000000, 552.000000, 2281666.000000, 552.000000, 552.000000, 552.000000, 552.000000, 2618626.000000, 7795836.000000
4.060263, 1750670.000000, 552.000000, 552.000000, 552.000000, 552.000000, 552.000000, 552.000000, 1381972.000000, 552.000000, 552.000000, 2544716.000000, 552.000000, 304842.000000, 552.000000, 552.000000, 2618626.000000, 8606898.000000
4.251453, 1750670.000000, 552.000000, 552.000000, 552.000000, 552.000000, 552.000000, 552.000000, 1636474.000000, 552.000000, 552.000000, 2785542.000000, 552.000000, 600216.000000, 552.000000, 552.000000, 2618626.000000, 9397600.000000
4.445799, 1750670.000000, 552.000000, 552.000000, 552.000000, 552.000000, 552.000000, 552.000000, 1886458.000000, 552.000000, 552.000000, 3036244.000000, 552.000000, 849568.000000, 552.000000, 552.000000, 2618626.000000, 10147638.000000
4.645143, 1750670.000000, 552.000000, 552.000000, 552.000000, 552.000000, 552.000000, 552.000000, 2149372.000000, 552.000000, 552.000000, 3242626.000000, 552.000000, 1088442.000000, 552.000000, 552.000000, 2618626.000000, 10855808.000000
4.847556, 1750670.000000, 552.000000, 552.000000, 552.000000, 552.000000, 552.000000, 552.000000, 2411096.000000, 552.000000, 552.000000, 3557684.000000, 552.000000, 1354534.000000, 552.000000, 552.000000, 2618626.000000, 11698682.000000
5.052616, 1750670.000000, 552.000000, 552.000000, 552.000000, 552.000000, 552.000000, 552.000000, 2673340.000000, 552.000000, 552.000000, 3816344.000000, 552.000000, 1636192.000000, 335020.000000, 552.000000, 2618626.000000, 12835712.000000
5.262979, 1750670.000000, 552.000000, 552.000000, 552.000000, 552.000000, 552.000000, 552.000000, 2962752.000000, 552.000000, 552.000000, 4108558.000000, 552.000000, 1903376.000000, 644596.000000, 552.000000, 2618626.000000, 13994098.000000
5.475518, 1750670.000000, 552.000000, 552.000000, 552.000000, 552.000000, 552.000000, 552.000000, 3229446.000000, 552.000000, 552.000000, 4372958.000000, 552.000000, 2192690.000000, 912940.000000, 552.000000, 2618626.000000, 15082850.000000
5.690903, 1750670.000000, 552.000000, 552.000000, 552.000000, 552.000000, 552.000000, 552.000000, 3508990.000000, 552.000000, 552.000000, 4660784.000000, 552.000000, 2455926.000000, 1175808.000000, 552.000000, 2618626.000000, 16176324.000000
5.913050, 1750670.000000, 552.000000, 552.000000, 552.000000, 552.000000, 552.000000, 552.000000, 3799556.000000, 552.000000, 552.000000, 4918296.000000, 552.000000, 2709950.000000, 1462746.000000, 552.000000, 2749036.000000, 17395774.000000
6.139911, 1750670.000000, 552.000000, 552.000000, 552.000000, 552.000000, 552.000000, 552.000000, 4062954.000000, 552.000000, 552.000000, 5162360.000000, 552.000000, 3042580.000000, 1717684.000000, 552.000000, 3063794.000000, 18805562.000000
6.370899, 1750670.000000, 552.000000, 552.000000, 552.000000, 552.000000, 552.000000, 552.000000, 4403294.000000, 552.000000, 552.000000, 5457591.000000, 552.000000, 3310390.000000, 2089174.000000, 552.000000, 3361568.000000, 20378207.000000
6.603236, 1750670.000000, 552.000000, 552.000000, 552.000000, 552.000000, 552.000000, 552.000000, 4688178.000000, 552.000000, 552.000000, 5720447.000000, 552.000000, 3527010.000000, 2330508.000000, 552.000000, 3613860.000000, 21636193.000000
6.839826, 1750670.000000, 552.000000, 552.000000, 552.000000, 552.000000, 552.000000, 552.000000, 4989690.000000, 552.000000, 552.000000, 6021497.000000, 552.000000, 3527010.000000, 2632913.000000, 552.000000, 3930049.000000, 22857349.000000
7.077240, 1750670.000000, 552.000000, 552.000000, 552.000000, 552.000000, 552.000000, 552.000000, 5317332.000000, 552.000000, 552.000000, 6323381.000000, 552.000000, 3527010.000000, 3004304.000000, 552.000000, 4231676.000000, 24159893.000000
7.317184, 1750670.000000, 552.000000, 552.000000, 552.000000, 552.000000, 552.000000, 552.000000, 5631786.000000, 552.000000, 552.000000, 6622050.000000, 552.000000, 3527010.000000, 3270626.000000, 552.000000, 4529510.000000, 25337172.000000
7.563201, 1750670.000000, 552.000000, 552.000000, 552.000000, 552.000000, 552.000000, 552.000000, 5926580.000000, 552.000000, 552.000000, 7016171.000000, 552.000000, 3527010.000000, 3643710.000000, 552.000000, 4733798.000000, 26603459.000000
7.813030, 1750670.000000, 552.000000, 552.000000, 552.000000, 552.000000, 552.000000, 552.000000, 6278178.000000, 552.000000, 552.000000, 7429520.000000, 552.000000, 3527010.000000, 3942098.000000, 552.000000, 4733798.000000, 27666794.000000
8.063573, 1750670.000000, 552.000000, 552.000000, 552.000000, 552.000000, 552.000000, 552.000000, 6607332.000000, 552.000000, 552.000000, 7754864.000000, 552.000000, 3527010.000000, 4281929.000000, 552.000000, 4733798.000000, 28661123.000000
8.317700, 1750670.000000, 552.000000, 552.000000, 552.000000, 552.000000, 552.000000, 552.000000, 6943974.000000, 552.000000, 552.000000, 8085168.000000, 552.000000, 3527010.000000, 4621958.000000, 552.000000, 4733798.000000, 29668098.000000
8.574462, 1750670.000000, 552.000000, 552.000000, 552.000000, 552.000000, 552.000000, 552.000000, 7282482.000000, 552.000000, 552.000000, 8422056.000000, 552.000000, 3527010.000000, 4953121.000000, 552.000000, 4733798.000000, 30674657.000000
8.837525, 1750670.000000, 552.000000, 552.000000, 552.000000, 552.000000, 552.000000, 552.000000, 7626368.000000, 552.000000, 552.000000, 8771632.000000, 552.000000, 3527010.000000, 5288930.000000, 552.000000, 4733798.000000, 31703928.000000
9.102764, 1750670.000000, 552.000000, 552.000000, 552.000000, 552.000000, 552.000000, 552.000000, 7948742.000000, 552.000000, 552.000000, 9098018.000000, 552.000000, 3527010.000000, 5646892.000000, 552.000000, 4733798.000000, 32710650.000000
9.371280, 1750670.000000, 552.000000, 552.000000, 552.000000, 333234.000000, 552.000000, 552.000000, 8326590.000000, 552.000000, 552.000000, 9468520.000000, 552.000000, 3527010.000000, 5961208.000000, 552.000000, 4733798.000000, 34105998.000000
9.642815, 1750670.000000, 552.000000, 552.000000, 552.000000, 685930.000000, 552.000000, 552.000000, 8678358.000000, 552.000000, 552.000000, 9831800.000000, 552.000000, 3527010.000000, 6359272.000000, 552.000000, 4733798.000000, 35571806.000000
9.919015, 1750670.000000, 552.000000, 552.000000, 552.000000, 1054702.000000, 552.000000, 552.000000, 9014794.000000, 552.000000, 552.000000, 10201438.000000, 552.000000, 3527010.000000, 6709892.000000, 552.000000, 4733798.000000, 36997272.000000
10.200883, 1750670.000000, 552.000000, 552.000000, 552.000000, 1427530.000000, 552.000000, 552.000000, 9416286.000000, 552.000000, 552.000000, 10565964.000000, 552.000000, 3527010.000000, 7099742.000000, 552.000000, 4733798.000000, 38525968.000000
10.485991, 1750670.000000, 552.000000, 552.000000, 552.000000, 1789306.000000, 552.000000, 552.000000, 9778180.000000, 552.000000, 552.000000, 10930094.000000, 552.000000, 3527010.000000, 7460090.000000, 552.000000, 4733798.000000, 39974116.000000
10.776149, 1750670.000000, 552.000000, 552.000000, 552.000000, 2176634.000000, 552.000000, 552.000000, 9805506.000000, 552.000000, 552.000000, 11274118.000000, 365540.000000, 3527010.000000, 7811242.000000, 552.000000, 4733798.000000, 41448934.000000
11.071617, 1750670.000000, 552.000000, 552.000000, 552.000000, 2555852.000000, 552.000000, 552.000000, 9805506.000000, 552.000000, 552.000000, 11697204.000000, 741672.000000, 3527010.000000, 8228799.000000, 552.000000, 4733798.000000, 43044927.000000
11.372807, 1750670.000000, 552.000000, 552.000000, 552.000000, 2937044.000000, 552.000000, 552.000000, 9805506.000000, 552.000000, 552.000000, 12057338.000000, 1127604.000000, 3527010.000000, 8590162.000000, 552.000000, 4733798.000000, 44533548.000000
11.676680, 1750670.000000, 552.000000, 552.000000, 552.000000, 3341822.000000, 552.000000, 552.000000, 9805506.000000, 297590.000000, 552.000000, 12433742.000000, 1553964.000000, 3527010.000000, 9015372.000000, 552.000000, 4733798.000000, 46463338.000000
11.982581, 1750670.000000, 552.000000, 552.000000, 552.000000, 3739322.000000, 552.000000, 552.000000, 9805506.000000, 674313.000000, 552.000000, 12805559.000000, 1920926.000000, 3527010.000000, 9402836.000000, 552.000000, 4733798.000000, 48363804.000000
12.297644, 1750670.000000, 552.000000, 552.000000, 552.000000, 4152480.000000, 552.000000, 552.000000, 9805506.000000, 1063262.000000, 552.000000, 13194446.000000, 2308708.000000, 3527010.000000, 9807994.000000, 552.000000, 4733798.000000, 50347738.000000
12.617544, 1750670.000000, 552.000000, 552.000000, 552.000000, 4543554.000000, 552.000000, 552.000000, 9805506.000000, 1459474.000000, 552.000000, 13589954.000000, 2752160.000000, 3527010.000000, 10168218.000000, 552.000000, 4733798.000000, 52334208.000000
12.943485, 1750670.000000, 552.000000, 552.000000, 552.000000, 4970786.000000, 552.000000, 552.000000, 9805506.000000, 1857479.000000, 552.000000, 13986170.000000, 3156452.000000, 3527010.000000, 10661454.000000, 552.000000, 4733798.000000, 54453189.000000
13.275477, 1750670.000000, 552.000000, 552.000000, 552.000000, 5405249.000000, 552.000000, 552.000000, 9805506.000000, 2245832.000000, 552.000000, 14370466.000000, 3605132.000000, 3527010.000000, 11070714.000000, 552.000000, 4733798.000000, 56518241.000000
13.610229, 1750670.000000, 552.000000, 552.000000, 552.000000, 5842598.000000, 552.000000, 360643.000000, 9805506.000000, 2645748.000000, 552.000000, 14769549.000000, 3976422.000000, 3527010.000000, 11501182.000000, 552.000000, 4733798.000000, 58916438.000000
13.950060, 1750670.000000, 552.000000, 552.000000, 552.000000, 6282431.000000, 552.000000, 779930.000000, 9805506.000000, 3065923.000000, 552.000000, 15195779.000000, 4454950.000000, 3527010.000000, 11920398.000000, 552.000000, 4733798.000000, 61519707.000000
14.294524, 1750670.000000, 552.000000, 552.000000, 552.000000, 6724648.000000, 552.000000, 1270474.000000, 9805506.000000, 3539895.000000, 552.000000, 15655873.000000, 4912720.000000, 3527010.000000, 12342608.000000, 552.000000, 4733798.000000, 64266514.000000
14.647523, 1750670.000000, 552.000000, 552.000000, 552.000000, 7179610.000000, 552.000000, 1693310.000000, 9805506.000000, 3967693.000000, 552.000000, 16098312.000000, 5361746.000000, 3527010.000000, 12342608.000000, 552.000000, 4733798.000000, 66463575.000000
15.010610, 1750670.000000, 552.000000, 552.000000, 552.000000, 7657646.000000, 552.000000, 2176678.000000, 9805506.000000, 4411580.000000, 552.000000, 16537708.000000, 5833480.000000, 3527010.000000, 12342608.000000, 552.000000, 5099506.000000, 69145704.000000
15.381278, 1750670.000000, 552.000000, 552.000000, 552.000000, 8131966.000000, 552.000000, 2650478.000000, 9805506.000000, 4855324.000000, 552.000000, 17020348.000000, 6301912.000000, 3527010.000000, 12342608.000000, 552.000000, 5537320.000000, 71926454.000000
15.753768, 1750670.000000, 552.000000, 552.000000, 552.000000, 8620300.000000, 552.000000, 3152490.000000, 9805506.000000, 5350731.000000, 552.000000, 17478584.000000, 6799854.000000, 3527010.000000, 12342608.000000, 552.000000, 6067946.000000, 74899011.000000
16.134659, 1750670.000000, 552.000000, 552.000000, 552.000000, 9071974.000000, 552.000000, 3635074.000000, 9805506.000000, 5652936.000000, 552.000000, 18021954.000000, 7296878.000000, 3527010.000000, 12342608.000000, 552.000000, 6511850.000000, 77619772.000000
16.516646, 1750670.000000, 445946.000000, 552.000000, 552.000000, 9572534.000000, 552.000000, 4123326.000000, 9805506.000000, 5652936.000000, 552.000000, 18353060.000000, 7769692.000000, 3527010.000000, 12342608.000000, 552.000000, 6859232.000000, 80205280.000000
16.899458, 1750670.000000, 961660.000000, 552.000000, 552.000000, 10099092.000000, 552.000000, 4639414.000000, 9805506.000000, 5652936.000000, 552.000000, 18353060.000000, 8266790.000000, 3527010.000000, 12342608.000000, 552.000000, 6859232.000000, 82260738.000000
17.286423, 1750670.000000, 1464182.000000, 552.000000, 552.000000, 10606026.000000, 552.000000, 5150610.000000, 9805506.000000, 5652936.000000, 552.000000, 18353060.000000, 8807148.000000, 3527010.000000, 12342608.000000, 552.000000, 6859232.000000, 84321748.000000
17.682990, 1750670.000000, 1975624.000000, 552.000000, 552.000000, 11117294.000000, 552.000000, 5628242.000000, 9805506.000000, 5652936.000000, 86036.000000, 18353060.000000, 9301306.000000, 3527010.000000, 12342608.000000, 552.000000, 6859232.000000, 86401732.000000
18.087067, 1750670.000000, 2514364.000000, 552.000000, 552.000000, 11656986.000000, 552.000000, 6203886.000000, 9805506.000000, 5652936.000000, 647222.000000, 18353060.000000, 9771000.000000, 3527010.000000, 12342608.000000, 552.000000, 6859232.000000, 89086688.000000
18.497294, 1750670.000000, 3042912.000000, 552.000000, 552.000000, 12185913.000000, 552.000000, 6730632.000000, 9805506.000000, 5652936.000000, 1142857.000000, 18353060.000000, 10263800.000000, 3527010.000000, 12342608.000000, 552.000000, 6859232.000000, 91659344.000000
18.912083, 1750670.000000, 3592586.000000, 552.000000, 552.000000, 12742000.000000, 552.000000, 7282852.000000, 9805506.000000, 5652936.000000, 1677325.000000, 18353060.000000, 10800293.000000, 3527010.000000, 12342608.000000, 552.000000, 6859232.000000, 94388286.000000
19.328789, 1750670.000000, 4135116.000000, 552.000000, 552.000000, 13272418.000000, 552.000000, 7285958.000000, 9805506.000000, 5652936.000000, 2187495.000000, 18353060.000000, 11307947.000000, 3527010.000000, 12342608.000000, 552.000000, 6859232.000000, 96482164.000000
19.748311, 1750670.000000, 4692894.000000, 552.000000, 552.000000, 13834400.000000, 552.000000, 7285958.000000, 9805506.000000, 5652936.000000, 2909330.000000, 18353060.000000, 11522246.000000, 3527010.000000, 12342608.000000, 552.000000, 6859232.000000, 98538058.000000
20.170423, 1750670.000000, 5244174.000000, 552.000000, 552.000000, 14386320.000000, 552.000000, 7285958.000000, 9805506.000000, 5652936.000000, 3445166.000000, 18353060.000000, 11522246.000000, 3527010.000000, 12342608.000000, 552.000000, 6859232.000000, 100177094.000000
20.594354, 1750670.000000, 5803154.000000, 552.000000, 552.000000, 14940838.000000, 552.000000, 7285958.000000, 9805506.000000, 5652936.000000, 4012960.000000, 18353060.000000, 11522246.000000, 3527010.000000, 12342608.000000, 580040.000000, 6859232.000000, 102437874.000000
21.024482, 1750670.000000, 6357428.000000, 552.000000, 552.000000, 15492062.000000, 552.000000, 7285958.000000, 9805506.000000, 5652936.000000, 4557616.000000, 18353060.000000, 11522246.000000, 3527010.000000, 12342608.000000, 1163520.000000, 6859232.000000, 104671508.000000
21.458506, 1750670.000000, 6926254.000000, 552.000000, 552.000000, 15970276.000000, 552.000000, 7285958.000000, 9805506.000000, 6140177.000000, 5102802.000000, 18353060.000000, 11522246.000000, 3527010.000000, 12342608.000000, 1321602.000000, 6859232.000000, 106909057.000000
21.896673, 1750670.000000, 7495294.000000, 552.000000, 552.000000, 16498190.000000, 552.000000, 7285958.000000, 9805506.000000, 6664556.000000, 5696216.000000, 18353060.000000, 11522246.000000, 3527010.000000, 12342608.000000, 1321602.000000, 6859232.000000, 109123804.000000
22.347208, 1750670.000000, 8074742.000000, 552.000000, 437354.000000, 17027429.000000, 552.000000, 7285958.000000, 9805506.000000, 7198354.000000, 6266112.000000, 18353060.000000, 11522246.000000, 3527010.000000, 12342608.000000, 1321602.000000, 6859232.000000, 111772987.000000
22.805434, 1750670.000000, 8670572.000000, 552.000000, 1035742.000000, 17598486.000000, 552332.000000, 7285958.000000, 9805506.000000, 7771814.000000, 6872026.000000, 18353060.000000, 11522246.000000, 3527010.000000, 12342608.000000, 1321602.000000, 6859232.000000, 115269416.000000
23.267691, 1750670.000000, 9102026.000000, 552.000000, 1632738.000000, 18158095.000000, 1138374.000000, 7285958.000000, 9805506.000000, 8327941.000000, 7490622.000000, 18353060.000000, 11522246.000000, 3527010.000000, 12342608.000000, 1321602.000000, 6859232.000000, 118618240.000000
23.730901, 1750670.000000, 9102026.000000, 552.000000, 2237352.000000, 18729567.000000, 1743944.000000, 7285958.000000, 9805506.000000, 8888025.000000, 7882424.000000, 18353060.000000, 11522246.000000, 3527010.000000, 12342608.000000, 1321602.000000, 6859232.000000, 121351782.000000
24.199660, 1750670.000000, 9102026.000000, 552.000000, 2851384.000000, 18841308.000000, 2363832.000000, 7285958.000000, 9805506.000000, 8910262.000000, 7882424.000000, 18353060.000000, 11522246.000000, 3527010.000000, 12342608.000000, 1321602.000000, 7453558.000000, 123314006.000000
24.671660, 1750670.000000, 9102026.000000, 552.000000, 3461878.000000, 18841308.000000, 2968024.000000, 7285958.000000, 9805506.000000, 8910262.000000, 7882424.000000, 18353060.000000, 11522246.000000, 3734210.000000, 12342608.000000, 1321602.000000, 8068446.000000, 125350780.000000
25.148261, 1750670.000000, 9102026.000000, 552.000000, 4090208.000000, 18841308.000000, 3604084.000000, 7285958.000000, 9805506.000000, 8910262.000000, 7882424.000000, 18353060.000000, 11522246.000000, 4431617.000000, 12342608.000000, 1321602.000000, 8714772.000000, 127958903.000000
25.628899, 1750670.000000, 9102026.000000, 552.000000, 4229900.000000, 18841308.000000, 4056794.000000, 7285958.000000, 9805506.000000, 8910262.000000, 7882424.000000, 18353060.000000, 11522246.000000, 5022284.000000, 12342608.000000, 1321602.000000, 9324078.000000, 129751278.000000
26.116644, 1750670.000000, 9102026.000000, 552.000000, 4229900.000000, 18841308.000000, 4056794.000000, 7285958.000000, 10511622.000000, 8910262.000000, 7882424.000000, 18353060.000000, 11522246.000000, 5689862.000000, 12342608.000000, 1321602.000000, 9971698.000000, 131772592.000000
26.607895, 1750670.000000, 9102026.000000, 552.000000, 4229900.000000, 18841308.000000, 4056794.000000, 7285958.000000, 10904866.000000, 8910262.000000, 7882424.000000, 18353060.000000, 11522246.000000, 6318170.000000, 12342608.000000, 1321602.000000, 10615208.000000, 133437654.000000
27.102131, 1750670.000000, 9102026.000000, 552.000000, 4229900.000000, 18841308.000000, 4056794.000000, 7285958.000000, 10904866.000000, 8910262.000000, 7882424.000000, 18353060.000000, 11522246.000000, 6972394.000000, 12342608.000000, 1321602.000000, 11266088.000000, 134742758.000000
27.599049, 1750670.000000, 9102026.000000, 552.000000, 4229900.000000, 18841308.000000, 4056794.000000, 7285958.000000, 10904866.000000, 8910262.000000, 7882424.000000, 18353060.000000, 11522246.000000, 6972394.000000, 12342608.000000, 1321602.000000, 11825588.000000, 135302258.000000
28.099593, 1750670.000000, 9102026.000000, 552.000000, 4229900.000000, 18841308.000000, 4056794.000000, 7285958.000000, 10904866.000000, 8910262.000000, 7882424.000000, 18353060.000000, 11522246.000000, 6972394.000000, 12342608.000000, 1321602.000000, 11825588.000000, 135302258.000000
28.602993, 1750670.000000, 9102026.000000, 552.000000, 4229900.000000, 18841308.000000, 4056794.000000, 7285958.000000, 10904866.000000, 8910262.000000, 7882424.000000, 18353060.000000, 11522246.000000, 6972394.000000, 12342608.000000, 1321602.000000, 11825588.000000, 135302258.000000
29.108687, 1750670.000000, 9102026.000000, 552.000000, 4229900.000000, 18841308.000000, 4056794.000000, 7285958.000000, 10904866.000000, 8910262.000000, 7882424.000000, 18353060.000000, 11522246.000000, 6972394.000000, 12342608.000000, 1321602.000000, 11825588.000000, 135302258.000000
29.616752, 1750670.000000, 9102026.000000, 552.000000, 4229900.000000, 18841308.000000, 4056794.000000, 7285958.000000, 10904866.000000, 8910262.000000, 7882424.000000, 18353060.000000, 11522246.000000, 6972394.000000, 12342608.000000, 1321602.000000, 11825588.000000, 135302258.000000
30.126736, 1750670.000000, 9102026.000000, 552.000000, 4229900.000000, 18841308.000000, 4056794.000000, 7285958.000000, 10904866.000000, 8910262.000000, 7882424.000000, 18353060.000000, 11522246.000000, 6972394.000000, 12342608.000000, 1321602.000000, 11879194.000000, 135355864.000000
30.638251, 1750670.000000, 9102026.000000, 552.000000, 4229900.000000, 18841308.000000, 4056794.000000, 7285958.000000, 10904866.000000, 8910262.000000, 7882424.000000, 18353060.000000, 11522246.000000, 6972394.000000, 12342608.000000, 1321602.000000, 12739062.000000, 136215732.000000
31.152430, 1750670.000000, 9102026.000000, 552.000000, 4229900.000000, 18841308.000000, 4056794.000000, 7285958.000000, 10904866.000000, 8910262.000000, 7882424.000000, 18353060.000000, 11522246.000000, 6972394.000000, 12342608.000000, 1321602.000000, 13410682.000000, 136887352.000000
31.669249, 1750670.000000, 9102026.000000, 552.000000, 4229900.000000, 18841308.000000, 4056794.000000, 7285958.000000, 10904866.000000, 8910262.000000, 7882424.000000, 18353060.000000, 11522246.000000, 6972394.000000, 12342608.000000, 1321602.000000, 14075206.000000, 137551876.000000
32.186950, 1750670.000000, 9102026.000000, 552.000000, 4898126.000000, 18841308.000000, 4056794.000000, 7285958.000000, 10904866.000000, 8910262.000000, 7882424.000000, 18353060.000000, 11522246.000000, 6972394.000000, 12342608.000000, 1321602.000000, 14778392.000000, 138923288.000000
32.706524, 1750670.000000, 9102026.000000, 552.000000, 5590598.000000, 18841308.000000, 4056794.000000, 7285958.000000, 10904866.000000, 8910262.000000, 7882424.000000, 18353060.000000, 11522246.000000, 6972394.000000, 12342608.000000, 1321602.000000, 15488262.000000, 140325630.000000
33.231301, 1750670.000000, 9102026.000000, 552.000000, 6283604.000000, 18841308.000000, 4056794.000000, 7285958.000000, 10904866.000000, 8910262.000000, 7882424.000000, 18353060.000000, 11522246.000000, 6972394.000000, 12342608.000000, 1321602.000000, 16188946.000000, 141719320.000000
33.760332, 1750670.000000, 9102026.000000, 552.000000, 6975116.000000, 18841308.000000, 4056794.000000, 7285958.000000, 10904866.000000, 8910262.000000, 7882424.000000, 18353060.000000, 11522246.000000, 6972394.000000, 12342608.000000, 1681000.000000, 16889596.000000, 143470880.000000
34.290491, 1750670.000000, 9102026.000000, 552.000000, 7663210.000000, 18841308.000000, 4056794.000000, 7285958.000000, 11414596.000000, 8910262.000000, 7882424.000000, 18353060.000000, 11522246.000000, 6972394.000000, 12342608.000000, 2362386.000000, 16921410.000000, 145381904.000000
34.824101, 1750670.000000, 9102026.000000, 552.000000, 7918948.000000, 18841308.000000, 4056794.000000, 7285958.000000, 12119575.000000, 8910262.000000, 7882424.000000, 18353060.000000, 11522246.000000, 6972394.000000, 12342608.000000, 3034520.000000, 16921410.000000, 147014755.000000
35.363464, 1750670.000000, 9102026.000000, 552.000000, 7918948.000000, 18841308.000000, 4324852.000000, 7285958.000000, 12822218.000000, 8910262.000000, 7882424.000000, 18353060.000000, 11522246.000000, 6972394.000000, 12342608.000000, 3756610.000000, 16921410.000000, 148707546.000000
35.905760, 1750670.000000, 9102026.000000, 552.000000, 7918948.000000, 18841308.000000, 5087486.000000, 7285958.000000, 13533258.000000, 8910262.000000, 7882424.000000, 18847598.000000, 11522246.000000, 6972394.000000, 12342608.000000, 4494008.000000, 16921410.000000, 151413156.000000
36.452521, 1750670.000000, 9102026.000000, 552.000000, 7918948.000000, 18841308.000000, 5810424.000000, 7285958.000000, 14259496.000000, 8910262.000000, 7882424.000000, 19565310.000000, 11522246.000000, 6972394.000000, 12342608.000000, 5169744.000000, 16921410.000000, 154255780.000000
36.999850, 1750670.000000, 9102026.000000, 552.000000, 7918948.000000, 18841308.000000, 6532532.000000, 7285958.000000, 14981206.000000, 8910262.000000, 7882424.000000, 19622280.000000, 11522246.000000, 6972394.000000, 12342608.000000, 5924112.000000, 16921410.000000, 156510936.000000
37.551008, 1750670.000000, 9102026.000000, 552.000000, 7918948.000000, 18841308.000000, 7266394.000000, 7285958.000000, 15711632.000000, 8910262.000000, 7882424.000000, 19622280.000000, 11522246.000000, 6972394.000000, 12342608.000000, 6334524.000000, 16921410.000000, 158385636.000000
38.104522, 1750670.000000, 9102026.000000, 552.000000, 7918948.000000, 18841308.000000, 7991926.000000, 7285958.000000, 16433856.000000, 8910262.000000, 7882424.000000, 19622280.000000, 11522246.000000, 6972394.000000, 12342608.000000, 6334524.000000, 17357966.000000, 160269948.000000
38.663896, 1750670.000000, 9102026.000000, 552.000000, 7918948.000000, 18841308.000000, 8732790.000000, 7285958.000000, 17176382.000000, 8910262.000000, 7882424.000000, 19622280.000000, 11522246.000000, 6972394.000000, 12342608.000000, 6334524.000000, 18054050.000000, 162449422.000000
39.226410, 1750670.000000, 9102026.000000, 552.000000, 8221293.000000, 18841308.000000, 9460594.000000, 7285958.000000, 17830917.000000, 8910262.000000, 7882424.000000, 19622280.000000, 11522246.000000, 6972394.000000, 12342608.000000, 6334524.000000, 18850335.000000, 164930391.000000
39.789370, 1750670.000000, 9102026.000000, 552.000000, 8917715.000000, 18841308.000000, 10209764.000000, 7285958.000000, 18534644.000000, 8910262.000000, 7882424.000000, 19622280.000000, 11522246.000000, 6972394.000000, 12342608.000000, 6334524.000000, 19539332.000000, 167768707.000000
40.360185, 1750670.000000, 9102026.000000, 552.000000, 9643647.000000, 18841308.000000, 10902342.000000, 7285958.000000, 19267584.000000, 8910262.000000, 8158004.000000, 19622280.000000, 11522246.000000, 6972394.000000, 12342608.000000, 6334524.000000, 20341690.000000, 170998095.000000
40.938952, 1750670.000000, 9102026.000000, 552.000000, 10365061.000000, 18841308.000000, 11721824.000000, 7285958.000000, 19984930.000000, 8910262.000000, 8158164.000000, 19622280.000000, 11522246.000000, 6972394.000000, 12342608.000000, 6334524.000000, 21070238.000000, 173985045.000000
41.522000, 1750670.000000, 9102026.000000, 552.000000, 11081247.000000, 18841308.000000, 12493920.000000, 7285958.000000, 20695749.000000, 8910262.000000, 8158164.000000, 19622280.000000, 11522246.000000, 6972394.000000, 12342608.000000, 6334524.000000, 21493966.000000, 176607874.000000
42.108140, 1750670.000000, 9102026.000000, 552.000000, 12104330.000000, 18841308.000000, 13259966.000000, 7285958.000000, 21044180.000000, 8910262.000000, 8158164.000000, 19622280.000000, 11522246.000000, 6972394.000000, 12342608.000000, 6334524.000000, 21493966.000000, 178745434.000000
42.696899, 1750670.000000, 9102026.000000, 552.000000, 12890076.000000, 18841308.000000, 14048542.000000, 7285958.000000, 21044180.000000, 8910262.000000, 8158164.000000, 19622280.000000, 11522246.000000, 6972394.000000, 12342608.000000, 6334524.000000, 21493966.000000, 180319756.000000
43.290325, 1750670.000000, 9102026.000000, 552.000000, 13617358.000000, 18841308.000000, 14823828.000000, 7285958.000000, 21044180.000000, 9291120.000000, 8158164.000000, 19622280.000000, 11522246.000000, 6972394.000000, 12342608.000000, 6334524.000000, 21493966.000000, 182203182.000000
43.887010, 1750670.000000, 9102026.000000, 552.000000, 13617358.000000, 18841308.000000, 14825442.000000, 7285958.000000, 21044180.000000, 10091652.000000, 8158164.000000, 19622280.000000, 11522246.000000, 6972394.000000, 12342608.000000, 6334524.000000, 21493966.000000, 183005328.000000
44.485332, 1750670.000000, 9102026.000000, 133860.000000, 13617358.000000, 18841308.000000, 14825442.000000, 7285958.000000, 21044180.000000, 10888232.000000, 8158164.000000, 19622280.000000, 11522246.000000, 6972394.000000, 12342608.000000, 6334524.000000, 21493966.000000, 183935216.000000
45.086032, 1750670.000000, 9102026.000000, 995034.000000, 13757904.000000, 18841308.000000, 14825442.000000, 7285958.000000, 21044180.000000, 11684962.000000, 8158164.000000, 19622280.000000, 11522246.000000, 6972394.000000, 12342608.000000, 6334524.000000, 21493966.000000, 185733666.000000
45.690197, 1750670.000000, 9102026.000000, 1797784.000000, 14648856.000000, 18841308.000000, 14825442.000000, 7285958.000000, 21044180.000000, 12479948.000000, 8158164.000000, 19622280.000000, 11522246.000000, 6972394.000000, 12342608.000000, 6334524.000000, 21493966.000000, 188222354.000000
46.297540, 1750670.000000, 9102026.000000, 2587416.000000, 15440424.000000, 18841308.000000, 14825442.000000, 7285958.000000, 21044180.000000, 13296312.000000, 8447964.000000, 19622280.000000, 11522246.000000, 6972394.000000, 12342608.000000, 6334524.000000, 21493966.000000, 190909718.000000
46.908372, 1750670.000000, 9102026.000000, 2993402.000000, 16234552.000000, 18932588.000000, 14825442.000000, 7285958.000000, 21044180.000000, 14033613.000000, 9276744.000000, 19622280.000000, 11522246.000000, 6972394.000000, 12342608.000000, 6334524.000000, 21493966.000000, 193767193.000000
47.522439, 1750670.000000, 9102026.000000, 2993402.000000, 17040684.000000, 19762710.000000, 14825442.000000, 7285958.000000, 21044180.000000, 14791797.000000, 10063024.000000, 19622280.000000, 11522246.000000, 6972394.000000, 12342608.000000, 6334524.000000, 21493966.000000, 196947911.000000
48.143628, 1750670.000000, 9102026.000000, 2993402.000000, 17847242.000000, 20505028.000000, 14825442.000000, 7850154.000000, 21044180.000000, 15530868.000000, 10898419.000000, 19622280.000000, 11522246.000000, 6972394.000000, 12342608.000000, 6334524.000000, 21493966.000000, 200635449.000000
48.769028, 1750670.000000, 9102026.000000, 2993402.000000, 18641356.000000, 20625606.000000, 14825442.000000, 8636650.000000, 21044180.000000, 16490395.000000, 11707684.000000, 19622280.000000, 11522246.000000, 6972394.000000, 12342608.000000, 6334524.000000, 21493966.000000, 204105429.000000
49.402729, 1750670.000000, 9874454.000000, 2993402.000000, 19490116.000000, 20625606.000000, 14825442.000000, 9481740.000000, 21044180.000000, 17159296.000000, 12531060.000000, 19622280.000000, 11522246.000000, 6972394.000000, 12342608.000000, 6334524.000000, 21493966.000000, 208063984.000000
50.039644, 1750670.000000, 10467004.000000, 2993402.000000, 20308442.000000, 20625606.000000, 14825442.000000, 10288566.000000, 21044180.000000, 17159296.000000, 13355558.000000, 19622280.000000, 11522246.000000, 7490888.000000, 12342608.000000, 6334524.000000, 21493966.000000, 211624678.000000
50.680760, 1750670.000000, 10467004.000000, 2993402.000000, 21138788.000000, 20625606.000000, 14825442.000000, 11149748.000000, 21044180.000000, 17159296.000000, 14198276.000000, 19622280.000000, 12352480.000000, 8330748.000000, 12342608.000000, 6334524.000000, 21493966.000000, 215829018.000000
51.327135, 1750670.000000, 10467004.000000, 2993402.000000, 21984398.000000, 20625606.000000, 14825442.000000, 11986726.000000, 21044180.000000, 17159296.000000, 15028312.000000, 19622280.000000, 13229100.000000, 9180218.000000, 12950784.000000, 6334524.000000, 21493966.000000, 220675908.000000
51.974845, 1750670.000000, 10467004.000000, 2993402.000000, 22848805.000000, 20625606.000000, 14825442.000000, 12843554.000000, 21044180.000000, 17159296.000000, 15895108.000000, 19622280.000000, 14080372.000000, 9476322.000000, 13775332.000000, 6334524.000000, 21493966.000000, 225235863.000000
52.623151, 1750670.000000, 10467004.000000, 2993402.000000, 23696215.000000, 20625606.000000, 14825442.000000, 13123108.000000, 21044180.000000, 17159296.000000, 16747154.000000, 19622280.000000, 14934258.000000, 9476322.000000, 14652100.000000, 6334524.000000, 21493966.000000, 228945527.000000
53.275548, 1750670.000000, 10467004.000000, 2993402.000000, 24552140.000000, 20625606.000000, 14825442.000000, 13123108.000000, 21383700.000000, 17159296.000000, 17586614.000000, 19622280.000000, 15754310.000000, 9476322.000000, 15499998.000000, 6334524.000000, 21493966.000000, 232648382.000000
53.932986, 1750670.000000, 10467004.000000, 2993402.000000, 25408416.000000, 20625606.000000, 14825442.000000, 13123108.000000, 22245964.000000, 17159296.000000, 18440970.000000, 19622280.000000, 16650266.000000, 9476322.000000, 15991170.000000, 6334524.000000, 21493966.000000, 236608406.000000
54.594596, 1750670.000000, 10467004.000000, 2993402.000000, 26285172.000000, 20625606.000000, 14825442.000000, 13123108.000000, 23130458.000000, 17159296.000000, 19330922.000000, 19622280.000000, 16798448.000000, 9476322.000000, 15991170.000000, 6334524.000000, 21493966.000000, 239407790.000000
55.259374, 1750670.000000, 10467004.000000, 2993402.000000, 27172652.000000, 20625606.000000, 14825442.000000, 13123108.000000, 24013100.000000, 17159296.000000, 20217264.000000, 19622280.000000, 16798448.000000, 9476322.000000, 15991170.000000, 6334524.000000, 21493966.000000, 242064254.000000
55.927230, 1750670.000000, 10467004.000000, 2993402.000000, 28058088.000000, 20625606.000000, 14825442.000000, 13123108.000000, 24902986.000000, 17159296.000000, 21084430.000000, 19622280.000000, 16798448.000000, 9476322.000000, 15991170.000000, 6334524.000000, 21493966.000000, 244706742.000000
56.597904, 1750670.000000, 10467004.000000, 2993402.000000, 28948538.000000, 20625606.000000, 14825442.000000, 13123108.000000, 25782656.000000, 17159296.000000, 21988978.000000, 19622280.000000, 16798448.000000, 9476322.000000, 15991170.000000, 6334524.000000, 21493966.000000, 247381410.000000
57.273269, 1750670.000000, 10467004.000000, 2993402.000000, 29837124.000000, 20625606.000000, 14825442.000000, 13123108.000000, 26681552.000000, 17159296.000000, 22887160.000000, 19622280.000000, 16798448.000000, 10218762.000000, 15991170.000000, 6334524.000000, 21493966.000000, 250809514.000000
57.953000, 1750670.000000, 10467004.000000, 2993402.000000, 30735312.000000, 20625606.000000, 14825442.000000, 13123108.000000, 27588396.000000, 17159296.000000, 23775552.000000, 19622280.000000, 16798448.000000, 11107606.000000, 15991170.000000, 6334524.000000, 21493966.000000, 254391782.000000
58.636365, 1750670.000000, 10467004.000000, 2993402.000000, 31651677.000000, 20625606.000000, 14825442.000000, 13123108.000000, 28502594.000000, 17159296.000000, 24656546.000000, 19622280.000000, 16798448.000000, 11989662.000000, 15991170.000000, 6334524.000000, 21493966.000000, 257985395.000000
59.322859, 1750670.000000, 10467004.000000, 2993402.000000, 31654076.000000, 20625606.000000, 14825442.000000, 13123108.000000, 29391328.000000, 17159296.000000, 25588864.000000, 19622280.000000, 16798448.000000, 12887226.000000, 15991170.000000, 6334524.000000, 21766364.000000, 260978808.000000
60.013341, 1750670.000000, 10467004.000000, 2993402.000000, 31654076.000000, 20625606.000000, 14825442.000000, 13123108.000000, 30299468.000000, 17159296.000000, 26502782.000000, 19622280.000000, 16798448.000000, 13843586.000000, 15991170.000000, 6334524.000000, 22654410.000000, 264645272.000000
60.707774, 1750670.000000, 10467004.000000, 2993402.000000, 31654076.000000, 20625606.000000, 14825442.000000, 13123108.000000, 31205478.000000, 17159296.000000, 27436720.000000, 19622280.000000, 16798448.000000, 14768572.000000, 15991170.000000, 6334524.000000, 23597473.000000, 268353269.000000
61.412216, 2137200.000000, 10467004.000000, 2993402.000000, 31654076.000000, 20625606.000000, 14825442.000000, 13123108.000000, 32139230.000000, 17159296.000000, 28327612.000000, 19622280.000000, 16798448.000000, 15682890.000000, 15991170.000000, 6334524.000000, 24442896.000000, 272324184.000000
62.119033, 3069210.000000, 10467004.000000, 2993402.000000, 31654076.000000, 20625606.000000, 14825442.000000, 13123108.000000, 33073884.000000, 17159296.000000, 29228936.000000, 19622280.000000, 16798448.000000, 16621312.000000, 15991170.000000, 6334524.000000, 24442896.000000, 276030594.000000
62.829776, 3981750.000000, 10467004.000000, 2993402.000000, 31654076.000000, 20625606.000000, 14825442.000000, 14002855.000000, 33982660.000000, 17159296.000000, 29228936.000000, 19622280.000000, 16798448.000000, 17525990.000000, 15991170.000000, 6334524.000000, 24442896.000000, 279636335.000000
63.547690, 4920792.000000, 10467004.000000, 2993402.000000, 31654076.000000, 20625606.000000, 14825442.000000, 14937359.000000, 34921266.000000, 17159296.000000, 29228936.000000, 19622280.000000, 16798448.000000, 18229996.000000, 16955990.000000, 6334524.000000, 24442896.000000, 284117313.000000
64.273812, 5874979.000000, 10467004.000000, 2993402.000000, 31654076.000000, 21442674.000000, 14825442.000000, 15899726.000000, 35772773.000000, 17159296.000000, 29228936.000000, 19622280.000000, 16798448.000000, 18229996.000000, 17971852.000000, 6334524.000000, 24442896.000000, 288718304.000000
65.006327, 6828022.000000, 10467004.000000, 2993402.000000, 31654076.000000, 22343568.000000, 14825442.000000, 16854870.000000, 36674192.000000, 17159296.000000, 29228936.000000, 19622280.000000, 16798448.000000, 18229996.000000, 18902276.000000, 6334524.000000, 24442896.000000, 293359228.000000
65.743560, 7790264.000000, 11266686.000000, 2993402.000000, 31654076.000000, 23247313.000000, 14825442.000000, 17827714.000000, 37576966.000000, 17159296.000000, 29228936.000000, 19622280.000000, 16798448.000000, 18229996.000000, 19873468.000000, 6334524.000000, 24442896.000000, 298871707.000000
66.484260, 8762358.000000, 12232642.000000, 2993402.000000, 31654076.000000, 24157992.000000, 14825442.000000, 18788690.000000, 38486042.000000, 17159296.000000, 29228936.000000, 19622280.000000, 16798448.000000, 18229996.000000, 20847114.000000, 6334524.000000, 24442896.000000, 304564134.000000
67.231016, 9732124.000000, 13192132.000000, 2993402.000000, 32074264.000000, 25092408.000000, 14825442.000000, 19756134.000000, 39423134.000000, 17159296.000000, 29228936.000000, 19622280.000000, 16798448.000000, 18229996.000000, 21774542.000000, 6334524.000000, 24442896.000000, 310679958.000000
67.983807, 10710030.000000, 14180038.000000, 2993402.000000, 33054166.000000, 26029990.000000, 14825442.000000, 20725132.000000, 40359020.000000, 17159296.000000, 29228936.000000, 19622280.000000, 16798448.000000, 18229996.000000, 22772628.000000, 6334524.000000, 24442896.000000, 317466224.000000
68.741945, 11693538.000000, 15170752.000000, 2993402.000000, 34052432.000000, 26976856.000000, 14825442.000000, 21716514.000000, 41304638.000000, 17159296.000000, 29228936.000000, 19622280.000000, 16798448.000000, 18229996.000000, 23758530.000000, 6334524.000000, 24442896.000000, 324308480.000000
69.506033, 12303116.000000, 15675900.000000, 2993402.000000, 35045652.000000, 27920539.000000, 14825442.000000, 22684816.000000, 42248907.000000, 17159296.000000, 29228936.000000, 19622280.000000, 16798448.000000, 18229996.000000, 24724232.000000, 6334524.000000, 24442896.000000, 330238382.000000
70.274425, 12303116.000000, 15675900.000000, 2993402.000000, 36061014.000000, 28642576.000000, 14825442.000000, 23722936.000000, 43449761.000000, 17159296.000000, 29228936.000000, 19622280.000000, 16798448.000000, 18229996.000000, 25737298.000000, 6334524.000000, 24442896.000000, 335227821.000000
71.048939, 12303116.000000, 15675900.000000, 2993402.000000, 37086076.000000, 28642576.000000, 14825442.000000, 24749400.000000, 44716926.000000, 17159296.000000, 29228936.000000, 19770078.000000, 16798448.000000, 18229996.000000, 26808046.000000, 6334524.000000, 24442896.000000, 339765058.000000
71.829988, 12303116.000000, 15675900.000000, 2993402.000000, 38092560.000000, 28642576.000000, 14825442.000000, 25759104.000000, 45733144.000000, 17159296.000000, 29228936.000000, 20901158.000000, 16798448.000000, 18229996.000000, 27800322.000000, 6334524.000000, 24442896.000000, 344920820.000000
72.616420, 12303116.000000, 15675900.000000, 2993402.000000, 38294970.000000, 28642576.000000, 15437165.000000, 26675285.000000, 46154250.000000, 17159296.000000, 29228936.000000, 21901696.000000, 16798448.000000, 18229996.000000, 28630814.000000, 6334524.000000, 24442896.000000, 348903270.000000
73.406503, 12303116.000000, 15675900.000000, 2993402.000000, 38294970.000000, 28642576.000000, 16421557.000000, 27660386.000000, 46154250.000000, 17159296.000000, 29228936.000000, 22941432.000000, 17150745.000000, 18229996.000000, 28630814.000000, 6334524.000000, 24442896.000000, 352264796.000000
74.200112, 12303116.000000, 15675900.000000, 2993402.000000, 38294970.000000, 28642576.000000, 17413706.000000, 28651616.000000, 46154250.000000, 17159296.000000, 29228936.000000, 24009468.000000, 18178574.000000, 18229996.000000, 28630814.000000, 6334524.000000, 24442896.000000, 356344040.000000
75.002837, 12303116.000000, 15675900.000000, 3447090.000000, 38294970.000000, 28642576.000000, 18396563.000000, 29631608.000000, 46154250.000000, 17159296.000000, 29228936.000000, 25057734.000000, 18748228.000000, 18229996.000000, 28630814.000000, 6334524.000000, 24442896.000000, 360378497.000000
75.823675, 12303116.000000, 16387440.000000, 4512070.000000, 38294970.000000, 28642576.000000, 19404536.000000, 30632766.000000, 46154250.000000, 17159296.000000, 29228936.000000, 26044417.000000, 18748228.000000, 18229996.000000, 28630814.000000, 6334524.000000, 24442896.000000, 365150831.000000
76.650407, 12303116.000000, 17162466.000000, 5584503.000000, 38294970.000000, 28642576.000000, 20420942.000000, 31656472.000000, 46154250.000000, 17159296.000000, 29228936.000000, 26133794.000000, 18748228.000000, 18229996.000000, 28630814.000000, 6758800.000000, 24442896.000000, 369552055.000000
77.481451, 12303116.000000, 17162466.000000, 6680106.000000, 38294970.000000, 28642576.000000, 21466937.000000, 32702952.000000, 46154250.000000, 17159296.000000, 29228936.000000, 26133794.000000, 18748228.000000, 18229996.000000, 28630814.000000, 7903528.000000, 24442896.000000, 373884861.000000
78.318056, 12303116.000000, 17535476.000000, 7679364.000000, 38294970.000000, 28642576.000000, 22524698.000000, 33759698.000000, 46154250.000000, 17159296.000000, 29228936.000000, 26133794.000000, 18748228.000000, 18229996.000000, 28630814.000000, 8013506.000000, 24442896.000000, 377481614.000000
79.161885, 12303116.000000, 18544144.000000, 8683766.000000, 38294970.000000, 28642576.000000, 23517508.000000, 34756320.000000, 46154250.000000, 18096780.000000, 29228936.000000, 26133794.000000, 18748228.000000, 18229996.000000, 28630814.000000, 8013506.000000, 24442896.000000, 382421600.000000
80.009225, 12303116.000000, 19580117.000000, 9721373.000000, 38294970.000000, 28642576.000000, 24555452.000000, 35790494.000000, 46154250.000000, 19231736.000000, 29984916.000000, 26133794.000000, 18748228.000000, 18229996.000000, 28630814.000000, 8013506.000000, 24442896.000000, 388458234.000000
80.860397, 12303116.000000, 20632376.000000, 10773534.000000, 38294970.000000, 28642576.000000, 24865458.000000, 36406776.000000, 46154250.000000, 20372606.000000, 30818654.000000, 26133794.000000, 18748228.000000, 18229996.000000, 28630814.000000, 8013506.000000, 24442896.000000, 393463550.000000
81.712070, 12303116.000000, 21433266.000000, 12110764.000000, 38294970.000000, 28642576.000000, 24865458.000000, 36406776.000000, 46154250.000000, 21504086.000000, 30818654.000000, 26133794.000000, 18748228.000000, 18229996.000000, 28630814.000000, 8013506.000000, 24442896.000000, 396733150.000000
82.567759, 12303116.000000, 21433266.000000, 13351948.000000, 38294970.000000, 28642576.000000, 24865458.000000, 36406776.000000, 46154250.000000, 21941262.000000, 30818654.000000, 27047884.000000, 18748228.000000, 18229996.000000, 28630814.000000, 8013506.000000, 24442896.000000, 399325600.000000
83.429876, 12303116.000000, 21433266.000000, 14490624.000000, 38294970.000000, 28642576.000000, 24865458.000000, 36406776.000000, 46154250.000000, 21941262.000000, 30818654.000000, 28179178.000000, 18748228.000000, 18229996.000000, 28630814.000000, 8013506.000000, 24442896.000000, 401595570.000000
84.295972, 12303116.000000, 21433266.000000, 15638312.000000, 38294970.000000, 28642576.000000, 24865458.000000, 36406776.000000, 46154250.000000, 21941262.000000, 30818654.000000, 29344558.000000, 18748228.000000, 19392435.000000, 28630814.000000, 8013506.000000, 24442896.000000, 405071077.000000
85.162562, 12303116.000000, 21433266.000000, 16797888.000000, 38294970.000000, 28642576.000000, 24865458.000000, 36406776.000000, 46154250.000000, 21941262.000000, 30818654.000000, 30499358.000000, 18748228.000000, 20555032.000000, 28630814.000000, 8013506.000000, 24442896.000000, 408548050.000000
86.033930, 12303116.000000, 21433266.000000, 17930076.000000, 38894660.000000, 28642576.000000, 24865458.000000, 36406776.000000, 46154250.000000, 21941262.000000, 30818654.000000, 30815314.000000, 18748228.000000, 21685582.000000, 28630814.000000, 8013506.000000, 24442896.000000, 411726434.000000
86.910488, 12303116.000000, 21433266.000000, 19081868.000000, 40047020.000000, 28642576.000000, 24865458.000000, 36406776.000000, 47073330.000000, 21941262.000000, 30818654.000000, 30815314.000000, 18748228.000000, 22822174.000000, 28630814.000000, 8013506.000000, 24442896.000000, 416086258.000000
87.788894, 12303116.000000, 21433266.000000, 20244316.000000, 41206306.000000, 28642576.000000, 24865458.000000, 36406776.000000, 47632636.000000, 21941262.000000, 30818654.000000, 30815314.000000, 18748228.000000, 24008322.000000, 28630814.000000, 8832328.000000, 24442896.000000, 420972268.000000
88.673080, 12303116.000000, 21433266.000000, 20831774.000000, 41475950.000000, 28642576.000000, 24865458.000000, 36406776.000000, 47632636.000000, 21941262.000000, 30818654.000000, 30815314.000000, 18748228.000000, 25115784.000000, 28630814.000000, 9997784.000000, 24442896.000000, 424102288.000000
89.558153, 12303116.000000, 21433266.000000, 20831774.000000, 41475950.000000, 28642576.000000, 24865458.000000, 36406776.000000, 47632636.000000, 21941262.000000, 30818654.000000, 30815314.000000, 18748228.000000, 25252678.000000, 28630814.000000, 11160382.000000, 25327698.000000, 426286582.000000
90.446653, 12303116.000000, 21433266.000000, 20831774.000000, 41475950.000000, 28642576.000000, 24865458.000000, 36406776.000000, 47632636.000000, 21941262.000000, 30818654.000000, 31368004.000000, 18748228.000000, 25252678.000000, 28630814.000000, 12330516.000000, 26517563.000000, 429199271.000000
91.338213, 12303116.000000, 21433266.000000, 20831774.000000, 41475950.000000, 29240164.000000, 24865458.000000, 36406776.000000, 47632636.000000, 21941262.000000, 30818654.000000, 32534898.000000, 19932554.000000, 25252678.000000, 28630814.000000, 12556530.000000, 27656172.000000, 433512702.000000
92.233296, 12303116.000000, 21433266.000000, 20831774.000000, 41475950.000000, 29539182.000000, 24865458.000000, 36406776.000000, 47632636.000000, 21941262.000000, 30818654.000000, 33717569.000000, 21092020.000000, 25252678.000000, 28630814.000000, 12556530.000000, 28837752.000000, 437335437.000000
93.131875, 12303116.000000, 21433266.000000, 20831774.000000, 41475950.000000, 29539182.000000, 24865458.000000, 36406776.000000, 47632636.000000, 21941262.000000, 30818654.000000, 34877936.000000, 22275030.000000, 25681840.000000, 28630814.000000, 12556530.000000, 29985736.000000, 441255960.000000
94.035666, 12303116.000000, 21433266.000000, 20831774.000000, 41475950.000000, 29539182.000000, 24865458.000000, 36406776.000000, 47632636.000000, 21941262.000000, 30818654.000000, 35975240.000000, 23459928.000000, 26802654.000000, 28630814.000000, 13529402.000000, 31086916.000000, 446733028.000000
94.944431, 12303116.000000, 21433266.000000, 20831774.000000, 41475950.000000, 29539182.000000, 24865458.000000, 37179019.000000, 47632636.000000, 21941262.000000, 30818654.000000, 37088401.000000, 24564781.000000, 28103118.000000, 28630814.000000, 14640134.000000, 31673158.000000, 452720723.000000
95.860786, 12303116.000000, 21433266.000000, 20831774.000000, 41475950.000000, 29539182.000000, 24865458.000000, 38310630.000000, 47632636.000000, 21941262.000000, 30818654.000000, 38232103.000000, 25701453.000000, 29313388.000000, 28630814.000000, 15781598.000000, 31673158.000000, 458484442.000000
96.779313, 12303116.000000, 21433266.000000, 20831774.000000, 41475950.000000, 29539182.000000, 25365712.000000, 39415464.000000, 47632636.000000, 21941262.000000, 30818654.000000, 39101524.000000, 26802818.000000, 30484821.000000, 28807578.000000, 17136661.000000, 31673158.000000, 464763576.000000
97.702331, 12303116.000000, 21433266.000000, 20831774.000000, 41475950.000000, 29539182.000000, 25365712.000000, 40557814.000000, 47632636.000000, 21941262.000000, 30818654.000000, 39101524.000000, 27946662.000000, 31716044.000000, 29683502.000000, 18415466.000000, 31673158.000000, 470435722.000000
98.627732, 12303116.000000, 21433266.000000, 20831774.000000, 41475950.000000, 29539182.000000, 25365712.000000, 41706619.000000, 47632636.000000, 21941262.000000, 30818654.000000, 39101524.000000, 29095576.000000, 32899348.000000, 30515502.000000, 19591900.000000, 31673158.000000, 475925179.000000
99.557901, 12303116.000000, 21433266.000000, 20831774.000000, 41475950.000000, 29539182.000000, 25365712.000000, 42833428.000000, 47632636.000000, 21941262.000000, 30818654.000000, 39101524.000000, 30218388.000000, 34148934.000000, 31745746.000000, 20847418.000000, 31673158.000000, 481910148.000000
100.490668, 12303116.000000, 21433266.000000, 21034634.000000, 41475950.000000, 29539182.000000, 25365712.000000, 43639268.000000, 47632636.000000, 21941262.000000, 30818654.000000, 39101524.000000, 30435134.000000, 35325452.000000, 32985720.000000, 22072036.000000, 32507494.000000, 487611040.000000
101.430021, 12303116.000000, 21433266.000000, 22312858.000000, 41475950.000000, 29539182.000000, 25365712.000000, 43639268.000000, 47632636.000000, 21941262.000000, 30818654.000000, 39101524.000000, 30435134.000000, 36599016.000000, 34215032.000000, 22835312.000000, 33712198.000000, 493360120.000000
102.372737, 12303116.000000, 21433266.000000, 23550990.000000, 41475950.000000, 29539182.000000, 25365712.000000, 43639268.000000, 48756572.000000, 21941262.000000, 30818654.000000, 39101524.000000, 30435134.000000, 37718242.000000, 35439305.000000, 22835312.000000, 34966925.000000, 499320414.000000
103.319660, 12303116.000000, 21433266.000000, 24788168.000000, 41475950.000000, 29539182.000000, 25365712.000000, 43639268.000000, 49887052.000000, 21941262.000000, 30818654.000000, 39101524.000000, 30435134.000000, 38866576.000000, 36671674.000000, 22835312.000000, 36196640.000000, 505298490.000000
104.270943, 12303116.000000, 22560646.000000, 26039020.000000, 41475950.000000, 29539182.000000, 25877799.000000, 43639268.000000, 51053268.000000, 21941262.000000, 30818654.000000, 39101524.000000, 30435134.000000, 40046734.000000, 37853852.000000, 22835312.000000, 37401506.000000, 512922227.000000
105.226777, 12303116.000000, 23811864.000000, 27291764.000000, 41475950.000000, 29539182.000000, 27054183.000000, 43639268.000000, 51167222.000000, 21941262.000000, 30818654.000000, 39101524.000000, 30435134.000000, 41553964.000000, 39142208.000000, 22835312.000000, 38566828.000000, 520677435.000000
106.186507, 12303116.000000, 25073538.000000, 28539630.000000, 41475950.000000, 29539182.000000, 28234641.000000, 43639268.000000, 51167222.000000, 21941262.000000, 30818654.000000, 39101524.000000, 30435134.000000, 42772162.000000, 40390506.000000, 22835312.000000, 39743573.000000, 528010674.000000
107.153117, 12303116.000000, 26320780.000000, 29801268.000000, 41475950.000000, 29539182.000000, 29402857.000000, 43639268.000000, 52058806.000000, 21941262.000000, 30818654.000000, 39101524.000000, 30435134.000000, 44085669.000000, 41410276.000000, 22835312.000000, 40913402.000000, 536082460.000000
108.125429, 12303116.000000, 27590342.000000, 31069508.000000, 41475950.000000, 29947664.000000, 30493634.000000, 43639268.000000, 53319336.000000, 21941262.000000, 30818654.000000, 39101524.000000, 30435134.000000, 45369016.000000, 41410276.000000, 22835312.000000, 42100314.000000, 543850310.000000
109.098995, 12303116.000000, 28863186.000000, 32348766.000000, 41475950.000000, 31283008.000000, 31029376.000000, 43639268.000000, 53643572.000000, 21941262.000000, 30818654.000000, 39101524.000000, 30435134.000000, 46626396.000000, 41410276.000000, 22835312.000000, 43750026.000000, 551504826.000000
110.075530, 12303116.000000, 30161586.000000, 33643454.000000, 41475950.000000, 32258214.000000, 31029376.000000, 43639268.000000, 53643572.000000, 21941262.000000, 30818654.000000, 39101524.000000, 30435134.000000, 47896596.000000, 41410276.000000, 22835312.000000, 45039076.000000, 557632370.000000
111.052611, 12303116.000000, 31458202.000000, 34943790.000000, 41475950.000000, 32258214.000000, 31029376.000000, 43639268.000000, 53643572.000000, 21941262.000000, 30818654.000000, 39101524.000000, 30435134.000000, 48943758.000000, 41410276.000000, 22835312.000000, 46335388.000000, 562572796.000000
112.033296, 12303116.000000, 32769620.000000, 36254608.000000, 41475950.000000, 32258214.000000, 31029376.000000, 43639268.000000, 53643572.000000, 21941262.000000, 30818654.000000, 39101524.000000, 30435134.000000, 48943758.000000, 41410276.000000, 22835312.000000, 47652080.000000, 566511724.000000
113.019146, 12303116.000000, 33941580.000000, 37544842.000000, 41475950.000000, 32865138.000000, 31029376.000000, 43639268.000000, 53643572.000000, 21941262.000000, 30818654.000000, 39101524.000000, 30717682.000000, 48943758.000000, 41410276.000000, 22835312.000000, 48021486.000000, 570232796.000000
114.010296, 12303116.000000, 35118802.000000, 38717206.000000, 41475950.000000, 34064082.000000, 31029376.000000, 43639268.000000, 53643572.000000, 22655548.000000, 30818654.000000, 39101524.000000, 32043086.000000, 48943758.000000, 41410276.000000, 22835312.000000, 48021486.000000, 575821016.000000
115.014578, 12303116.000000, 36344576.000000, 39938488.000000, 41475950.000000, 35265040.000000, 31029376.000000, 43639268.000000, 53643572.000000, 23847895.000000, 30818654.000000, 39101524.000000, 33335736.000000, 48943758.000000, 41775288.000000, 22835312.000000, 48021486.000000, 582319039.000000
116.031112, 12303116.000000, 37347792.000000, 40617386.000000, 41475950.000000, 36260350.000000, 31111962.000000, 43639268.000000, 53643572.000000, 25320788.000000, 30818654.000000, 39101524.000000, 34655036.000000, 48943758.000000, 42262152.000000, 22835312.000000, 48021486.000000, 588358106.000000
117.059347, 12303116.000000, 38159644.000000, 40617386.000000, 41475950.000000, 37051714.000000, 32578712.000000, 43639268.000000, 53643572.000000, 26721964.000000, 30818654.000000, 39101524.000000, 36000668.000000, 48943758.000000, 43155168.000000, 22835312.000000, 48021486.000000, 595067896.000000
118.094950, 12303116.000000, 39429426.000000, 40617386.000000, 41475950.000000, 38318690.000000, 33927663.000000, 43639268.000000, 53643572.000000, 28057630.000000, 30818654.000000, 40041228.000000, 37371044.000000, 48943758.000000, 43155808.000000, 22835312.000000, 48021486.000000, 602599991.000000
119.135781, 12303116.000000, 40737298.000000, 40617386.000000, 41475950.000000, 39618313.000000, 35278198.000000, 43639268.000000, 53643572.000000, 29443661.000000, 30818654.000000, 40889374.000000, 38747844.000000, 48943758.000000, 43155808.000000, 22835312.000000, 48021486.000000, 610168998.000000
120.182461, 12303116.000000, 42012752.000000, 40617386.000000, 41831048.000000, 40872109.000000, 36651352.000000, 43639268.000000, 53643572.000000, 29490058.000000, 31693974.000000, 40889374.000000, 38909714.000000, 48943758.000000, 43155808.000000, 22835312.000000, 48021486.000000, 615510087.000000
121.235119, 12303116.000000, 43302826.000000, 40617386.000000, 43218218.000000, 42199834.000000, 37740478.000000, 43639268.000000, 53643572.000000, 29490058.000000, 33049428.000000, 40889374.000000, 38909714.000000, 48943758.000000, 43155808.000000, 22835312.000000, 48021486.000000, 621959636.000000
122.292613, 12303116.000000, 44595476.000000, 40617386.000000, 44624414.000000, 43554899.000000, 37740478.000000, 43639268.000000, 53643572.000000, 29490058.000000, 33049428.000000, 40889374.000000, 38909714.000000, 48943758.000000, 43155808.000000, 22835312.000000, 48021486.000000, 626013547.000000
123.353397, 12303116.000000, 45910303.000000, 40617386.000000, 46017016.000000, 44804518.000000, 37740478.000000, 43639268.000000, 53643572.000000, 29490058.000000, 33049428.000000, 40889374.000000, 38909714.000000, 49527302.000000, 43155808.000000, 22835312.000000, 48021486.000000, 630554139.000000
124.415279, 12303116.000000, 46396862.000000, 40617386.000000, 47417238.000000, 46938931.000000, 37740478.000000, 43639268.000000, 53643572.000000, 29771164.000000, 33049428.000000, 40889374.000000, 38909714.000000, 50111774.000000, 43155808.000000, 22835312.000000, 48021486.000000, 635440911.000000
125.486559, 12303116.000000, 46396862.000000, 40617386.000000, 48584266.000000, 46943956.000000, 37740478.000000, 43639268.000000, 53643572.000000, 31208022.000000, 33049428.000000, 40889374.000000, 38909714.000000, 50554905.000000, 43155808.000000, 22835312.000000, 48021486.000000, 638492953.000000
126.561616, 12303116.000000, 46396862.000000, 40617386.000000, 48584266.000000, 46943956.000000, 37740478.000000, 43639268.000000, 53643572.000000, 32644532.000000, 33049428.000000, 40889374.000000, 38909714.000000, 51996649.000000, 43155808.000000, 22835312.000000, 48021486.000000, 641371207.000000
127.639691, 12303116.000000, 46396862.000000, 40617386.000000, 48584266.000000, 46943956.000000, 37740478.000000, 43639268.000000, 53643572.000000, 34056862.000000, 33049428.000000, 40889374.000000, 38909714.000000, 53429792.000000, 43155808.000000, 22835312.000000, 48021486.000000, 644216680.000000
128.721681, 12799106.000000, 46396862.000000, 40617386.000000, 48584266.000000, 46943956.000000, 37740478.000000, 43639268.000000, 53643572.000000, 34446266.000000, 33049428.000000, 40889374.000000, 38909714.000000, 54175324.000000, 43155808.000000, 22835312.000000, 48021486.000000, 645847606.000000
129.807178, 14239508.000000, 46396862.000000, 41877530.000000, 48584266.000000, 46943956.000000, 37740478.000000, 43639268.000000, 53643572.000000, 34446266.000000, 33049428.000000, 40889374.000000, 38909714.000000, 54175324.000000, 43155808.000000, 22835312.000000, 48021486.000000, 648548152.000000
130.895342, 15373888.000000, 46396862.000000, 43325875.000000, 48584266.000000, 46943956.000000, 37740478.000000, 43639268.000000, 53643572.000000, 34446266.000000, 33049428.000000, 40889374.000000, 38909714.000000, 54175324.000000, 43155808.000000, 22835312.000000, 48021486.000000, 651130877.000000
131.985694, 15373888.000000, 46396862.000000, 44772066.000000, 48584266.000000, 46943956.000000, 37740478.000000, 43639268.000000, 53643572.000000, 34446266.000000, 33049428.000000, 40889374.000000, 38909714.000000, 54175324.000000, 43155808.000000, 22835312.000000, 48021486.000000, 652577068.000000
