1.004865, 1529240.000000, 735188.000000, 552.000000, 552.000000, 552.000000, 552.000000, 552.000000, 552.000000, 2267740.000000
2.011278, 3891110.000000, 3102854.000000, 2163902.000000, 1077152.000000, 552.000000, 552.000000, 552.000000, 552.000000, 10237226.000000
3.024365, 5916812.000000, 5580644.000000, 4563446.000000, 3410042.000000, 514940.000000, 552.000000, 552.000000, 552.000000, 19987540.000000
4.042872, 7141210.000000, 7306410.000000, 7019494.000000, 5868988.000000, 1742236.000000, 800386.000000, 552.000000, 552.000000, 29879828.000000
5.067917, 8411990.000000, 8575734.000000, 8900310.000000, 8413432.000000, 3031860.000000, 2078418.000000, 729392.000000, 552.000000, 40141688.000000
6.104740, 9726240.000000, 9820418.000000, 10255118.000000, 10297146.000000, 4250462.000000, 3360776.000000, 1910334.000000, 710548.000000, 50331042.000000
7.145757, 11017018.000000, 11317242.000000, 11524442.000000, 11608484.000000, 5598792.000000, 4488098.000000, 3259346.000000, 2023356.000000, 60836778.000000
8.192222, 12032512.000000, 12688142.000000, 12932870.000000, 12898094.000000, 6705942.000000, 5702524.000000, 4437390.000000, 3344844.000000, 70742318.000000
9.242051, 12396968.000000, 13834960.000000, 14272978.000000, 13974708.000000, 7120090.000000, 6656388.000000, 5758166.000000, 4911206.000000, 78925464.000000
10.296396, 12776064.000000, 14223656.000000, 15097596.000000, 15358516.000000, 7495616.000000, 7014172.000000, 6628218.000000, 6107418.000000, 84701256.000000
11.357234, 13231298.000000, 14596776.000000, 15434146.000000, 16381926.000000, 7948454.000000, 7161794.000000, 6993044.000000, 7063906.000000, 88811344.000000
12.424139, 13771094.000000, 15063082.000000, 15823720.000000, 16924288.000000, 8499646.000000, 7161794.000000, 7415144.000000, 7598964.000000, 92257732.000000
13.499978, 14346500.000000, 15583944.000000, 16284512.000000, 17525470.000000, 9069242.000000, 7761680.000000, 7909230.000000, 8288346.000000, 96768924.000000
14.581684, 14808132.000000, 15583944.000000, 16827946.000000, 18237496.000000, 9523214.000000, 9510616.000000, 8468024.000000, 9024116.000000, 101983488.000000
15.668353, 15308026.000000, 15583944.000000, 17485150.000000, 19064768.000000, 10036808.000000, 11227674.000000, 9227588.000000, 9898372.000000, 107832330.000000
16.761917, 15916333.000000, 15583944.000000, 18264834.000000, 19993452.000000, 10732821.000000, 12726556.000000, 10050482.000000, 10886094.000000, 114154516.000000
17.863313, 16399892.000000, 15583944.000000, 19141218.000000, 21062788.000000, 11258344.000000, 13540260.000000, 10962032.000000, 11984422.000000, 119932900.000000
18.967384, 16915820.000000, 15583944.000000, 20095898.000000, 22226512.000000, 11752176.000000, 14118540.000000, 11967218.000000, 13161662.000000, 125821770.000000
20.077004, 17507780.000000, 17083652.000000, 21178542.000000, 23476076.000000, 12341612.000000, 14802320.000000, 13053502.000000, 14390772.000000, 133834256.000000
21.194783, 18166430.000000, 19738220.000000, 22282648.000000, 24795434.000000, 12645152.000000, 15555356.000000, 14232502.000000, 15701638.000000, 143117380.000000
22.319161, 18905262.000000, 21723197.000000, 23468418.000000, 26189964.000000, 12645152.000000, 16387176.000000, 14246208.000000, 17084828.000000, 150650205.000000
23.448098, 19758376.000000, 23328600.000000, 24788566.000000, 27625000.000000, 12645152.000000, 17352194.000000, 14246208.000000, 18498454.000000, 158242550.000000
24.581532, 20694840.000000, 25004402.000000, 26094405.000000, 29045664.000000, 12645152.000000, 18399824.000000, 14676554.000000, 19864258.000000, 166425099.000000
25.723273, 21710702.000000, 26788280.000000, 27089858.000000, 30523750.000000, 12645152.000000, 19513566.000000, 16606622.000000, 21311538.000000, 176189468.000000
26.874181, 22806998.000000, 28637026.000000, 27917494.000000, 31946054.000000, 12645152.000000, 20713946.000000, 18606242.000000, 22671614.000000, 185944526.000000
28.028620, 23966318.000000, 30560936.000000, 27917494.000000, 33000034.000000, 13427612.000000, 21709454.000000, 21437588.000000, 23696960.000000, 195716396.000000
29.188682, 25264056.000000, 32628110.000000, 27917494.000000, 33865036.000000, 14748100.000000, 21709454.000000, 24159282.000000, 24384195.000000, 204675727.000000
30.351722, 26694128.000000, 34818416.000000, 27917494.000000, 34706828.000000, 16111254.000000, 21709454.000000, 25955864.000000, 25164930.000000, 213078368.000000
31.521779, 28209336.000000, 37115046.000000, 27917494.000000, 35115856.000000, 16707466.000000, 21709454.000000, 27765898.000000, 25667936.000000, 220208486.000000
32.698254, 29359429.000000, 39491980.000000, 27917494.000000, 35522740.000000, 17366606.000000, 23349722.000000, 29691372.000000, 26248856.000000, 228948199.000000
33.879312, 30454306.000000, 42012246.000000, 27917494.000000, 36055366.000000, 18155478.000000, 25239218.000000, 31853888.000000, 27020126.000000, 238708122.000000
35.064954, 31530784.000000, 44643766.000000, 27917494.000000, 36693982.000000, 19045416.000000, 27046114.000000, 34030922.000000, 27851196.000000, 248759674.000000
36.257323, 32626929.000000, 47376804.000000, 27917494.000000, 37450124.000000, 20052502.000000, 28926564.000000, 36340816.000000, 28746654.000000, 259437887.000000
37.456168, 33313506.000000, 49254072.000000, 28978162.000000, 38274600.000000, 21105266.000000, 29874148.000000, 38063922.000000, 29740798.000000, 268604474.000000
38.660886, 33786808.000000, 50806300.000000, 30637260.000000, 39114756.000000, 22193932.000000, 30464686.000000, 39418440.000000, 30820230.000000, 277242412.000000
39.869232, 34341447.000000, 52472174.000000, 32405040.000000, 39988820.000000, 23303388.000000, 31158526.000000, 40641146.000000, 31855064.000000, 286165605.000000
41.084842, 34991826.000000, 54249074.000000, 34184514.000000, 41179542.000000, 24794920.000000, 31964908.000000, 41946408.000000, 32221270.000000, 295532462.000000
42.301478, 35746032.000000, 56118144.000000, 35520032.000000, 42422978.000000, 26327374.000000, 32879838.000000, 42895720.000000, 32221270.000000, 304131388.000000
43.524142, 36634450.000000, 58131254.000000, 36163236.000000, 43731562.000000, 27921502.000000, 33923392.000000, 43019824.000000, 32221270.000000, 311746490.000000
44.750016, 37670082.000000, 60293792.000000, 36966226.000000, 45096408.000000, 29575062.000000, 35119033.000000, 43019824.000000, 32221270.000000, 319961697.000000
45.982988, 38832944.000000, 62581814.000000, 37894532.000000, 46058236.000000, 31549498.000000, 36406512.000000, 43019824.000000, 32221270.000000, 328564630.000000
47.220975, 40096552.000000, 64979788.000000, 38902266.000000, 46058236.000000, 32969722.000000, 37859272.000000, 43156030.000000, 33576078.000000, 337597944.000000
48.461464, 41464900.000000, 65793106.000000, 39712658.000000, 46058236.000000, 34183470.000000, 38291428.000000, 45371544.000000, 35398920.000000, 346274262.000000
49.707541, 43006026.000000, 65793106.000000, 40613929.000000, 46058236.000000, 35525318.000000, 38291428.000000, 47594310.000000, 37181190.000000, 354063543.000000
50.956411, 44394336.000000, 65793106.000000, 41491740.000000, 46058236.000000, 36966096.000000, 39391212.000000, 49770708.000000, 38794708.000000, 362660142.000000
52.211955, 45518168.000000, 65793106.000000, 42378804.000000, 46058236.000000, 37887004.000000, 41329974.000000, 51947566.000000, 39995964.000000, 370908822.000000
53.469446, 46713154.000000, 65793106.000000, 43125256.000000, 46058236.000000, 38488028.000000, 43235416.000000, 53041102.000000, 43021462.000000, 379475760.000000
54.731416, 48185562.000000, 65793106.000000, 43630322.000000, 46058236.000000, 39183470.000000, 44946152.000000, 54155376.000000, 46212174.000000, 388164398.000000
56.003304, 49248220.000000, 65793106.000000, 44212166.000000, 46058236.000000, 39832344.000000, 46152246.000000, 56656350.000000, 49288394.000000, 397241062.000000
57.284950, 49742934.000000, 67763732.000000, 44828452.000000, 46058236.000000, 40543646.000000, 46622824.000000, 59142834.000000, 52448656.000000, 407151314.000000
58.573659, 50365694.000000, 70360354.000000, 45471732.000000, 46058236.000000, 41353518.000000, 47154150.000000, 61577154.000000, 55630674.000000, 417971512.000000
59.869925, 51085818.000000, 72880158.000000, 46175718.000000, 46058236.000000, 42301366.000000, 47750284.000000, 63878538.000000, 58844542.000000, 428974660.000000
61.170967, 51789028.000000, 75378234.000000, 46848678.000000, 47043556.000000, 42786706.000000, 48388828.000000, 64602578.000000, 61987430.000000, 438825038.000000
62.481048, 52383646.000000, 77980718.000000, 47519782.000000, 49195314.000000, 43346302.000000, 48918818.000000, 65263024.000000, 65265068.000000, 449872672.000000
63.795783, 52976120.000000, 79361466.000000, 48000560.000000, 51447060.000000, 44036496.000000, 49382065.000000, 66037524.000000, 67494379.000000, 458735670.000000
65.114599, 53492684.000000, 80016216.000000, 48312938.000000, 53642462.000000, 44836402.000000, 49970684.000000, 66936596.000000, 68473470.000000, 465681452.000000
66.443915, 53907996.000000, 80819802.000000, 48753812.000000, 54723828.000000, 45809986.000000, 50341994.000000, 67968112.000000, 69583854.000000, 471909384.000000
67.778225, 54479716.000000, 81693384.000000, 49348870.000000, 55922532.000000, 46963534.000000, 50800642.000000, 69114276.000000, 70897600.000000, 479220554.000000
69.123518, 55189240.000000, 81693384.000000, 50095158.000000, 57294080.000000, 48220634.000000, 51421900.000000, 70418634.000000, 72277665.000000, 486610695.000000
70.473502, 56026558.000000, 81693384.000000, 50963654.000000, 58785136.000000, 49637152.000000, 52199400.000000, 71886578.000000, 73829042.000000, 495020904.000000
71.830123, 56948026.000000, 83679956.000000, 51938760.000000, 60335064.000000, 51152166.000000, 53079814.000000, 73505654.000000, 74999842.000000, 505639282.000000
73.188482, 58110556.000000, 85914314.000000, 53092744.000000, 62174628.000000, 52790129.000000, 53422570.000000, 75196570.000000, 76170910.000000, 516872421.000000
74.553337, 59354548.000000, 88893458.000000, 54363532.000000, 64115580.000000, 54451218.000000, 53422570.000000, 76934985.000000, 76534090.000000, 528069981.000000
75.923438, 60729100.000000, 91992580.000000, 55833992.000000, 66109139.000000, 56144932.000000, 53422570.000000, 78688820.000000, 76534090.000000, 539455223.000000
77.299320, 62159749.000000, 94171076.000000, 57464840.000000, 68155913.000000, 57858272.000000, 53422570.000000, 80462845.000000, 76534090.000000, 550229355.000000
78.684609, 63566770.000000, 96490242.000000, 59291968.000000, 70135064.000000, 59560348.000000, 53422570.000000, 82136272.000000, 76534090.000000, 561137324.000000
80.074182, 64999826.000000, 98898404.000000, 61187544.000000, 72101283.000000, 61163726.000000, 53928264.000000, 83388576.000000, 76534090.000000, 572201713.000000
81.471190, 66219816.000000, 101460276.000000, 63192130.000000, 73998354.000000, 61318090.000000, 56648061.000000, 83957234.000000, 76887646.000000, 583681607.000000
82.871454, 66872419.000000, 104198618.000000, 65395714.000000, 74821210.000000, 61318090.000000, 58616223.000000, 84527846.000000, 78970883.000000, 594721003.000000
84.276969, 67502010.000000, 107079018.000000, 67746842.000000, 75521462.000000, 61318090.000000, 59803510.000000, 84947836.000000, 80656542.000000, 604575310.000000
85.692049, 67963448.000000, 110149197.000000, 70271436.000000, 76016682.000000, 61318090.000000, 61195334.000000, 85528366.000000, 81908186.000000, 614350739.000000
87.110852, 68617230.000000, 113414200.000000, 72972440.000000, 76695356.000000, 61318090.000000, 62754940.000000, 86264188.000000, 83278524.000000, 625314968.000000
88.536193, 69444640.000000, 116778130.000000, 75836058.000000, 77507352.000000, 61318090.000000, 64457582.000000, 87201610.000000, 84830634.000000, 637374096.000000
89.965759, 70381614.000000, 118992684.000000, 78809830.000000, 78466296.000000, 61318090.000000, 66310932.000000, 88272784.000000, 85939182.000000, 648491412.000000
91.400481, 71516888.000000, 118992684.000000, 82019960.000000, 79576324.000000, 61318090.000000, 68377816.000000, 89476468.000000, 89408088.000000, 660686318.000000
92.837143, 72817922.000000, 118992684.000000, 85374382.000000, 80858678.000000, 61318090.000000, 70588696.000000, 90849186.000000, 92971172.000000, 673770810.000000
94.281041, 74059092.000000, 119596910.000000, 88802490.000000, 82047828.000000, 61318090.000000, 72692234.000000, 92217086.000000, 96483548.000000, 687217278.000000
95.730606, 74853226.000000, 121564652.000000, 92356510.000000, 82841784.000000, 61318090.000000, 74838357.000000, 93645682.000000, 100048088.000000, 701466389.000000
97.185653, 75702968.000000, 123529284.000000, 95970316.000000, 83688336.000000, 62698980.000000, 76178692.000000, 94541707.000000, 103661894.000000, 715972177.000000
98.643196, 76419050.000000, 124765160.000000, 99572530.000000, 84364200.000000, 64054476.000000, 77665016.000000, 95365074.000000, 107274258.000000, 729479764.000000
100.106927, 76980310.000000, 125591054.000000, 103181996.000000, 84939096.000000, 65156072.000000, 78935032.000000, 96165236.000000, 110880812.000000, 741829608.000000
101.576974, 77718748.000000, 126581362.000000, 106810292.000000, 85685492.000000, 65993138.000000, 79589532.000000, 96740904.000000, 114426522.000000, 753545990.000000
103.051132, 78596002.000000, 127714964.000000, 110306722.000000, 86591526.000000, 66963864.000000, 80407934.000000, 97423136.000000, 118049008.000000, 766053156.000000
104.528187, 79588052.000000, 128952976.000000, 114004570.000000, 87625126.000000, 68063610.000000, 81365340.000000, 98274852.000000, 120753562.000000, 778628088.000000
106.009612, 80730650.000000, 129572956.000000, 117583600.000000, 88785326.000000, 69293260.000000, 82502653.000000, 99210818.000000, 122812700.000000, 790491963.000000
107.492221, 82002554.000000, 129639610.000000, 119745866.000000, 90059748.000000, 70654166.000000, 83535898.000000, 100333860.000000, 124910488.000000, 800882190.000000
108.981237, 82806692.000000, 131740660.000000, 121859960.000000, 90874556.000000, 72234396.000000, 83535898.000000, 101600886.000000, 127263726.000000, 811916774.000000
110.477388, 83663284.000000, 133657308.000000, 124206536.000000, 91773939.000000, 72642116.000000, 83535898.000000, 103081548.000000, 129856380.000000, 822417009.000000
111.982667, 84579844.000000, 134599312.000000, 126711508.000000, 92658822.000000, 74966298.000000, 83535898.000000, 104267646.000000, 132574854.000000, 833894182.000000
113.494948, 84991200.000000, 135936732.000000, 128263712.000000, 93063276.000000, 77483218.000000, 83535898.000000, 105378834.000000, 135401968.000000, 844054838.000000
115.013036, 85446286.000000, 138791262.000000, 128263712.000000, 93489050.000000, 79991396.000000, 83535898.000000, 106593711.000000, 138478156.000000, 854589471.000000
116.541243, 85856192.000000, 141119460.000000, 128263712.000000, 93878782.000000, 81269370.000000, 84270534.000000, 107359694.000000, 141761465.000000, 863779209.000000
118.072351, 86222128.000000, 142199524.000000, 128263712.000000, 94191346.000000, 82141468.000000, 86284406.000000, 108057848.000000, 145103450.000000, 872463882.000000
119.608535, 86640232.000000, 143206380.000000, 128263712.000000, 94679484.000000, 83197334.000000, 87739470.000000, 108937380.000000, 148775265.000000, 881439257.000000
121.153464, 87071486.000000, 144235338.000000, 128263712.000000, 95273586.000000, 84447604.000000, 89202298.000000, 109996440.000000, 152505030.000000, 890995494.000000
122.708064, 87640958.000000, 145360068.000000, 128263712.000000, 95962216.000000, 85854420.000000, 90666380.000000, 111253904.000000, 156359370.000000, 901361028.000000
124.266156, 88255666.000000, 146452379.000000, 128263712.000000, 96687238.000000, 87440546.000000, 92058024.000000, 112631510.000000, 160158648.000000, 911947723.000000
125.830665, 89132561.000000, 146714394.000000, 128263712.000000, 97673386.000000, 89154668.000000, 93790744.000000, 114153804.000000, 164010090.000000, 922893359.000000
127.399839, 89822164.000000, 149361710.000000, 128263712.000000, 98162230.000000, 91022792.000000, 94973186.000000, 115921520.000000, 165941614.000000, 933468928.000000
128.973484, 90756960.000000, 153229098.000000, 128263712.000000, 98856790.000000, 93052454.000000, 96367326.000000, 117775452.000000, 165941614.000000, 944243406.000000
130.551445, 91785409.000000, 156939980.000000, 128727392.000000, 99656071.000000, 95074942.000000, 97797126.000000, 119645102.000000, 165941614.000000, 955567636.000000
132.135677, 92432462.000000, 160127971.000000, 130651664.000000, 100120426.000000, 97069748.000000, 98592679.000000, 121467066.000000, 165941614.000000, 966403630.000000
133.724042, 93157600.000000, 162393968.000000, 132532634.000000, 100638204.000000, 99257790.000000, 99444806.000000, 123232442.000000, 165941614.000000, 976599058.000000
135.314981, 93727960.000000, 164856299.000000, 133603528.000000, 101067244.000000, 101564400.000000, 100070234.000000, 124502888.000000, 165941614.000000, 985334167.000000
136.910400, 94257098.000000, 167422970.000000, 134487904.000000, 101067244.000000, 102247168.000000, 100698702.000000, 125095242.000000, 168867138.000000, 994143466.000000
138.515081, 94950076.000000, 170194228.000000, 135499710.000000, 101067244.000000, 102970816.000000, 100735278.000000, 125936590.000000, 172695396.000000, 1004049338.000000
140.127860, 95791183.000000, 173114070.000000, 136663426.000000, 101067244.000000, 103882702.000000, 100735278.000000, 126879400.000000, 176590308.000000, 1014723611.000000
141.743820, 96575133.000000, 176226996.000000, 137738010.000000, 101067244.000000, 104958634.000000, 102175584.000000, 127990310.000000, 180625766.000000, 1027357677.000000
143.367855, 97258164.000000, 179490046.000000, 138599190.000000, 101067244.000000, 106194434.000000, 104625836.000000, 129308180.000000, 184536624.000000, 1041079718.000000
144.998753, 98107660.000000, 182891898.000000, 139576692.000000, 101067244.000000, 107604676.000000, 106462566.000000, 130763658.000000, 188372134.000000, 1054846528.000000
146.635237, 98648706.000000, 185238252.000000, 140299690.000000, 101067244.000000, 109147686.000000, 107181806.000000, 132378091.000000, 191530304.000000, 1065491779.000000
148.276980, 99341083.000000, 187244402.000000, 140794700.000000, 101067244.000000, 110767052.000000, 108065512.000000, 134068026.000000, 193749394.000000, 1075097413.000000
149.924064, 100198974.000000, 189431906.000000, 141441038.000000, 101213586.000000, 112586894.000000, 109130920.000000, 135275722.000000, 196154586.000000, 1085433626.000000
151.578632, 100786058.000000, 191822686.000000, 141898980.000000, 103539238.000000, 114613112.000000, 109825448.000000, 135275722.000000, 198813748.000000, 1096574992.000000
153.234876, 101338768.000000, 194462950.000000, 142413920.000000, 105814804.000000, 116903792.000000, 110655196.000000, 135275722.000000, 201667424.000000, 1108532576.000000
154.894671, 101885954.000000, 197291970.000000, 142920712.000000, 106978902.000000, 119365020.000000, 111400800.000000, 135275722.000000, 204756440.000000, 1119875520.000000
156.560615, 102546318.000000, 200392148.000000, 143530070.000000, 108003386.000000, 122095230.000000, 112347184.000000, 135275722.000000, 208106824.000000, 1132296882.000000
158.235533, 103445536.000000, 203727714.000000, 144356062.000000, 109226691.000000, 125064412.000000, 113509229.000000, 135275722.000000, 211642926.000000, 1146248292.000000
159.914520, 104381034.000000, 207306461.000000, 145232948.000000, 110444564.000000, 128168822.000000, 114663374.000000, 135275722.000000, 215422454.000000, 1160895379.000000
161.598931, 104865504.000000, 211060416.000000, 146024988.000000, 111972350.000000, 131635072.000000, 116127154.000000, 135275722.000000, 218465184.000000, 1175426390.000000
163.286009, 104865504.000000, 215104446.000000, 146024988.000000, 113143754.000000, 135313078.000000, 117222596.000000, 135275722.000000, 220800996.000000, 1187751084.000000
164.979510, 104865504.000000, 219232640.000000, 147174038.000000, 114537770.000000, 138266138.000000, 118593710.000000, 135275722.000000, 223405282.000000, 1201350804.000000
166.678643, 104865504.000000, 223388372.000000, 149424342.000000, 116065262.000000, 140798350.000000, 120073507.000000, 135275722.000000, 226165484.000000, 1216056543.000000
168.380621, 104865504.000000, 227561492.000000, 151741286.000000, 117065056.000000, 145029156.000000, 121006032.000000, 135275722.000000, 229250486.000000, 1231794734.000000
170.086707, 104865504.000000, 231746204.000000, 153730832.000000, 118399404.000000, 149247202.000000, 121905220.000000, 135275722.000000, 232608336.000000, 1247778424.000000
171.803035, 104865504.000000, 235988876.000000, 154702968.000000, 119294704.000000, 151848164.000000, 122467684.000000, 136943674.000000, 236082544.000000, 1262194118.000000
173.527716, 104865504.000000, 240109832.000000, 155313894.000000, 120217714.000000, 154541508.000000, 122974134.000000, 138517288.000000, 239905774.000000, 1276445648.000000
175.256300, 104865504.000000, 244453934.000000, 156138368.000000, 121378344.000000, 155279856.000000, 123721566.000000, 142128196.000000, 243896559.000000, 1291862327.000000
176.990217, 104865504.000000, 248722688.000000, 157204708.000000, 122760094.000000, 156168590.000000, 124718260.000000, 145520312.000000, 247962310.000000, 1307922466.000000
178.728965, 104865504.000000, 253020422.000000, 158508138.000000, 124349140.000000, 157217338.000000, 125927598.000000, 148664037.000000, 252232506.000000, 1324784683.000000
180.475981, 104865504.000000, 257387708.000000, 159893770.000000, 126026860.000000, 157735854.000000, 127221206.000000, 149604860.000000, 256609942.000000, 1339345704.000000
182.225172, 104865504.000000, 261652108.000000, 161278249.000000, 127692360.000000, 158457410.000000, 128535582.000000, 150730404.000000, 258925444.000000, 1352137061.000000
183.979750, 104865504.000000, 265986074.000000, 162795796.000000, 129156072.000000, 159472062.000000, 129907724.000000, 152454928.000000, 258925444.000000, 1363563604.000000
185.736106, 104865504.000000, 270243236.000000, 163877788.000000, 130120384.000000, 159905160.000000, 130939982.000000, 154857370.000000, 258925444.000000, 1373734868.000000
187.500188, 104865504.000000, 274625012.000000, 164934718.000000, 130951304.000000, 159905160.000000, 131990752.000000, 159214506.000000, 258925444.000000, 1385412400.000000
189.270456, 104865504.000000, 279029972.000000, 166251320.000000, 132050286.000000, 159905160.000000, 133338968.000000, 161750256.000000, 260835226.000000, 1398026692.000000
191.046968, 104865504.000000, 283429136.000000, 167788582.000000, 133367524.000000, 159905160.000000, 134872870.000000, 163865796.000000, 263124646.000000, 1411219218.000000
192.827874, 104865504.000000, 287864518.000000, 169346197.000000, 134737208.000000, 159905160.000000, 136403208.000000, 166077488.000000, 265358016.000000, 1424557299.000000
194.613053, 104865504.000000, 292276730.000000, 171049480.000000, 135968846.000000, 159905160.000000, 138000748.000000, 167330794.000000, 266613974.000000, 1436011236.000000
196.404118, 104865504.000000, 296551280.000000, 171856772.000000, 135968846.000000, 159905160.000000, 138776227.000000, 168585412.000000, 268552538.000000, 1445061739.000000
198.206286, 104865504.000000, 300941750.000000, 172599098.000000, 135968846.000000, 162398882.000000, 139536672.000000, 169868298.000000, 271478062.000000, 1457657112.000000
200.015640, 105507404.000000, 305475664.000000, 173520606.000000, 135968846.000000, 165183860.000000, 140352148.000000, 170944554.000000, 274299597.000000, 1471252679.000000
201.833611, 107565616.000000, 309834256.000000, 174283738.000000, 135968846.000000, 166872702.000000, 140881608.000000, 171694346.000000, 275315026.000000, 1482416138.000000
203.656216, 108857366.000000, 314408756.000000, 174935747.000000, 138619060.000000, 168039704.000000, 141297430.000000, 172412142.000000, 276032835.000000, 1494603040.000000
205.486201, 109935166.000000, 318920942.000000, 175811976.000000, 141148782.000000, 169186846.000000, 141885924.000000, 173217566.000000, 276613496.000000, 1506720698.000000
207.326693, 111229078.000000, 321154196.000000, 176439346.000000, 142256442.000000, 170548950.000000, 142328736.000000, 174209598.000000, 277107392.000000, 1515273738.000000
209.175279, 112772884.000000, 322697885.000000, 177285024.000000, 143349492.000000, 172183804.000000, 142910760.000000, 175531500.000000, 277853495.000000, 1524584844.000000
211.027847, 114339887.000000, 324018812.000000, 178389132.000000, 144717026.000000, 173808138.000000, 143786034.000000, 176883327.000000, 278818188.000000, 1534760544.000000
212.884152, 115939644.000000, 324018812.000000, 179566919.000000, 146105355.000000, 175472578.000000, 144781828.000000, 178282113.000000, 279839731.000000, 1544006980.000000
214.746590, 118049630.000000, 324018812.000000, 180879552.000000, 147447877.000000, 175986100.000000, 145912092.000000, 179682280.000000, 280734754.000000, 1552711097.000000
216.616783, 119609284.000000, 324018812.000000, 181928822.000000, 148524858.000000, 178636314.000000, 146810602.000000, 180650347.000000, 281417972.000000, 1561597011.000000
218.492267, 121448386.000000, 324018812.000000, 182893428.000000, 149611952.000000, 182495996.000000, 147725554.000000, 181879918.000000, 282179658.000000, 1572253704.000000
220.369059, 123616540.000000, 324018812.000000, 184074136.000000, 150961798.000000, 185172402.000000, 148867657.000000, 183454738.000000, 283220840.000000, 1583386923.000000
222.247878, 126074826.000000, 324018812.000000, 185414008.000000, 152497968.000000, 188158252.000000, 150173582.000000, 185299344.000000, 283616218.000000, 1595253010.000000
224.137130, 127500390.000000, 325983656.000000, 186934192.000000, 154217796.000000, 191420147.000000, 151672592.000000, 186478418.000000, 283616218.000000, 1607823409.000000
226.030602, 128880542.000000, 327988492.000000, 188367192.000000, 156109484.000000, 195019102.000000, 153031138.000000, 187807569.000000, 283616218.000000, 1620819737.000000
227.930195, 129839354.000000, 328579362.000000, 188946902.000000, 156696902.000000, 195019102.000000, 153627120.000000, 188714762.000000, 286196880.000000, 1627620384.000000
229.837096, 130600130.000000, 333175590.000000, 189654558.000000, 157116504.000000, 197176656.000000, 154293204.000000, 189340448.000000, 289055328.000000, 1640412418.000000
231.753869, 131374584.000000, 337951494.000000, 190285320.000000, 157619828.000000, 200584704.000000, 154902744.000000, 189958334.000000, 290669220.000000, 1653346228.000000
233.672041, 132217270.000000, 342341964.000000, 191230254.000000, 157619828.000000, 203302974.000000, 155187792.000000, 190502348.000000, 291847952.000000, 1664250382.000000
235.595080, 133087783.000000, 344731372.000000, 192522852.000000, 157619828.000000, 205059202.000000, 155187792.000000, 191162750.000000, 294260530.000000, 1673632109.000000
237.525162, 134232179.000000, 346913200.000000, 194088234.000000, 158047276.000000, 207044548.000000, 155187792.000000, 192106322.000000, 296886128.000000, 1684505679.000000
239.468997, 135568162.000000, 348398768.000000, 195402008.000000, 161564006.000000, 209277991.000000, 155187792.000000, 193306880.000000, 298792746.000000, 1697498353.000000
241.416366, 137010852.000000, 349237072.000000, 196852050.000000, 164973496.000000, 211453956.000000, 155187792.000000, 194567972.000000, 299977356.000000, 1709260546.000000
243.369823, 138530608.000000, 350395500.000000, 197991084.000000, 168257154.000000, 213615556.000000, 155187792.000000, 195700634.000000, 301203872.000000, 1720882200.000000
245.329773, 139706068.000000, 351871020.000000, 198224828.000000, 169307362.000000, 215115826.000000, 155187792.000000, 196496346.000000, 301935610.000000, 1727844852.000000
247.298437, 140917550.000000, 353643496.000000, 198224828.000000, 170208132.000000, 216528688.000000, 155187792.000000, 197364519.000000, 305772562.000000, 1737847567.000000
249.274709, 142418890.000000, 355710883.000000, 198224828.000000, 172551172.000000, 218232928.000000, 155439904.000000, 198486784.000000, 308083724.000000, 1749149113.000000
251.253350, 144097731.000000, 358094506.000000, 198224828.000000, 173975638.000000, 220087184.000000, 157529882.000000, 199834245.000000, 309525438.000000, 1761369452.000000
253.239826, 145774194.000000, 360784388.000000, 198224828.000000, 176008578.000000, 221946859.000000, 159086918.000000, 201231787.000000, 310532208.000000, 1773589760.000000
255.227238, 147496940.000000, 363765348.000000, 198224828.000000, 179465892.000000, 223857290.000000, 159920604.000000, 202348144.000000, 311172661.000000, 1786251707.000000
257.220257, 148519834.000000, 367013572.000000, 198224828.000000, 182427244.000000, 224950618.000000, 161179938.000000, 203058234.000000, 311920302.000000, 1797294570.000000
259.222236, 149830248.000000, 370615082.000000, 198224828.000000, 183617130.000000, 226350262.000000, 164662842.000000, 204066140.000000, 312222650.000000, 1809589182.000000
261.233559, 151441548.000000, 373346638.000000, 200117222.000000, 185061178.000000, 228058010.000000, 167163910.000000, 204463670.000000, 312222650.000000, 1821874826.000000
263.252053, 152981526.000000, 375652018.000000, 202796416.000000, 185872526.000000, 230121836.000000, 168665067.000000, 204463670.000000, 314096200.000000, 1834649259.000000
265.276167, 152981526.000000, 377956358.000000, 205556938.000000, 186723002.000000, 232670474.000000, 170138658.000000, 204463670.000000, 316878921.000000, 1847369547.000000
267.303844, 152981526.000000, 379074230.000000, 206783590.000000, 187689038.000000, 235595810.000000, 171470400.000000, 204463670.000000, 318482992.000000, 1856541256.000000
269.334411, 152981526.000000, 380623376.000000, 208465414.000000, 188908556.000000, 239018566.000000, 172956452.000000, 204463670.000000, 319889354.000000, 1867306914.000000
271.372722, 152981526.000000, 382590980.000000, 210564046.000000, 190436848.000000, 242830524.000000, 174722134.000000, 204463670.000000, 321651122.000000, 1880240850.000000
273.417827, 152981526.000000, 384946970.000000, 213042558.000000, 192034647.000000, 244169338.000000, 176456896.000000, 204888220.000000, 323380446.000000, 1891900601.000000
275.464817, 153724856.000000, 387608476.000000, 213956200.000000, 193789724.000000, 244169338.000000, 178045942.000000, 209145382.000000, 325142214.000000, 1905582132.000000
277.516717, 156079488.000000, 390617028.000000, 214377852.000000, 194780136.000000, 244169338.000000, 178804218.000000, 211456544.000000, 326224036.000000, 1916508640.000000
279.580119, 157825253.000000, 394058302.000000, 216316023.000000, 196174560.000000, 244169338.000000, 180004216.000000, 212886008.000000, 327693010.000000, 1929126710.000000
281.651126, 159397392.000000, 397764110.000000, 217945182.000000, 197874641.000000, 244472172.000000, 181532746.000000, 212886008.000000, 329553290.000000, 1941425541.000000
283.731164, 160444374.000000, 400032182.000000, 218991802.000000, 199583130.000000, 247289028.000000, 183076722.000000, 214911710.000000, 331346388.000000, 1955675336.000000
285.817367, 161476672.000000, 402218526.000000, 220083378.000000, 201374928.000000, 250377386.000000, 184817479.000000, 218056263.000000, 333107392.000000, 1971512024.000000
287.914666, 162180862.000000, 403410044.000000, 221001892.000000, 202583834.000000, 251799356.000000, 186103476.000000, 219462830.000000, 334204476.000000, 1980746770.000000
290.021520, 162180862.000000, 404159500.000000, 222084144.000000, 203769186.000000, 256305746.000000, 187223188.000000, 220784432.000000, 335105688.000000, 1991612746.000000
292.131564, 162180862.000000, 405145408.000000, 223543520.000000, 205341646.000000, 260562908.000000, 188744094.000000, 222486076.000000, 336415946.000000, 2004420460.000000
294.249301, 162514132.000000, 406271328.000000, 225247146.000000, 206781084.000000, 264597770.000000, 190526526.000000, 224442468.000000, 337978358.000000, 2018358812.000000
296.370260, 164360158.000000, 407049604.000000, 226663498.000000, 208035374.000000, 266605120.000000, 192583896.000000, 226040682.000000, 339806670.000000, 2031145002.000000
298.499791, 167220796.000000, 407675464.000000, 227771354.000000, 209387028.000000, 267805534.000000, 194619113.000000, 227437240.000000, 341707992.000000, 2043624521.000000
300.637723, 168774096.000000, 408693602.000000, 228708108.000000, 210832436.000000, 269370584.000000, 196658842.000000, 228700098.000000, 343566404.000000, 2055304170.000000
302.781801, 170208610.000000, 410021560.000000, 229704500.000000, 212041310.000000, 271347481.000000, 198482758.000000, 230111396.000000, 344918162.000000, 2066835777.000000
304.933095, 172040864.000000, 411717622.000000, 231105082.000000, 213230484.000000, 273611248.000000, 199811296.000000, 231872948.000000, 346252714.000000, 2079642258.000000
307.094857, 174050008.000000, 413388650.000000, 232452658.000000, 214698496.000000, 276281594.000000, 201449290.000000, 233884524.000000, 347902848.000000, 2094108068.000000
309.264085, 176306970.000000, 413388650.000000, 233548426.000000, 216384594.000000, 279214399.000000, 203348274.000000, 236011366.000000, 349782498.000000, 2107985177.000000
311.437414, 178573269.000000, 413388650.000000, 234664292.000000, 218144083.000000, 282555556.000000, 205199578.000000, 238051334.000000, 351612228.000000, 2122188990.000000
313.611967, 180301750.000000, 413388650.000000, 235511166.000000, 219674586.000000, 286276684.000000, 206962064.000000, 239512480.000000, 353052718.000000, 2134680098.000000
315.789259, 181785148.000000, 413388650.000000, 236476198.000000, 220989196.000000, 290427232.000000, 208252226.000000, 240992670.000000, 354416262.000000, 2146727582.000000
317.972089, 183679172.000000, 413388650.000000, 237924642.000000, 222763100.000000, 293536224.000000, 209979740.000000, 242913130.000000, 356187242.000000, 2160371900.000000
320.161177, 185601096.000000, 413388650.000000, 239475426.000000, 224618471.000000, 293536224.000000, 211842665.000000, 244880630.000000, 357972708.000000, 2171315870.000000
322.358994, 187641172.000000, 413388650.000000, 241389160.000000, 226153960.000000, 295690880.000000, 213266824.000000, 247463501.000000, 359307294.000000, 2184301441.000000
324.563562, 190421550.000000, 414259492.000000, 242685508.000000, 226301202.000000, 301039146.000000, 214332378.000000, 248686162.000000, 359866796.000000, 2197592234.000000
326.775987, 192495390.000000, 418015300.000000, 243513410.000000, 226301202.000000, 306469998.000000, 215404988.000000, 249641710.000000, 359866796.000000, 2211708794.000000
328.990315, 195103414.000000, 421550752.000000, 243777486.000000, 226301202.000000, 311903748.000000, 216493318.000000, 250918426.000000, 359866796.000000, 2225915142.000000
331.207382, 198376580.000000, 423719270.000000, 243777486.000000, 226301202.000000, 317386764.000000, 216493318.000000, 250918426.000000, 359866796.000000, 2236839842.000000
333.428230, 202313710.000000, 426518882.000000, 243777486.000000, 226301202.000000, 322858188.000000, 216493318.000000, 250918426.000000, 359866796.000000, 2249048008.000000
335.651993, 205951585.000000, 428902590.000000, 243777486.000000, 227550240.000000, 328283244.000000, 216493318.000000, 250918426.000000, 362463404.000000, 2264340293.000000
337.882737, 208523712.000000, 430825060.000000, 243777486.000000, 230409110.000000, 333599618.000000, 216493318.000000, 251551632.000000, 365367200.000000, 2280547136.000000
340.116747, 209978343.000000, 431944460.000000, 245985639.000000, 232275513.000000, 339111614.000000, 216493318.000000, 254332774.000000, 366987835.000000, 2297109496.000000
342.358468, 210991990.000000, 432788084.000000, 247561484.000000, 233378304.000000, 344351198.000000, 216754138.000000, 255603958.000000, 367872398.000000, 2309301554.000000
344.609227, 211898256.000000, 433903424.000000, 249720494.000000, 234266738.000000, 347189796.000000, 219575334.000000, 257033122.000000, 369055102.000000, 2322642266.000000
346.869096, 212817790.000000, 435397676.000000, 253674808.000000, 235054344.000000, 349697672.000000, 222723017.000000, 258819266.000000, 370017796.000000, 2338202369.000000
349.131172, 213824649.000000, 436024298.000000, 256282822.000000, 235773074.000000, 350830124.000000, 224098342.000000, 261015142.000000, 370017796.000000, 2347866247.000000
351.397917, 214945528.000000, 436024298.000000, 258448828.000000, 236674176.000000, 352049722.000000, 225152664.000000, 262921353.000000, 373244712.000000, 2359461281.000000
353.672482, 216250456.000000, 436647368.000000, 260712317.000000, 237753729.000000, 353634854.000000, 226584450.000000, 264979882.000000, 376905168.000000, 2373468224.000000
355.949820, 216921322.000000, 439524432.000000, 262249226.000000, 238398308.000000, 355563784.000000, 228336914.000000, 266769888.000000, 378716894.000000, 2386480768.000000
358.232989, 217705456.000000, 441423986.000000, 262791212.000000, 239134828.000000, 357915922.000000, 230392758.000000, 267733952.000000, 379629294.000000, 2396727408.000000
360.523707, 218702386.000000, 442754566.000000, 268448108.000000, 240043578.000000, 360608768.000000, 232909680.000000, 269031354.000000, 380894188.000000, 2413392628.000000
362.817267, 220093854.000000, 444447946.000000, 274077466.000000, 241308394.000000, 363532650.000000, 235642862.000000, 270785498.000000, 382218690.000000, 2432107360.000000
365.115087, 221886380.000000, 446478208.000000, 279672062.000000, 242932594.000000, 366477951.000000, 238422363.000000, 272852154.000000, 382218690.000000, 2450940402.000000
367.423282, 223766363.000000, 448522864.000000, 284045806.000000, 244601860.000000, 369443312.000000, 241139174.000000, 275175714.000000, 382285344.000000, 2468980437.000000
369.736670, 225642348.000000, 449404484.000000, 286338323.000000, 247022414.000000, 371123584.000000, 242324506.000000, 277819226.000000, 385080574.000000, 2484755459.000000
372.052530, 225642348.000000, 453635564.000000, 287904448.000000, 249626938.000000, 372326300.000000, 243217300.000000, 280880828.000000, 386684072.000000, 2499917798.000000
374.373616, 225642348.000000, 457805786.000000, 289565831.000000, 252785232.000000, 372439526.000000, 244392142.000000, 284459452.000000, 388334304.000000, 2515424621.000000
376.697496, 225642348.000000, 460196750.000000, 290863116.000000, 256427770.000000, 372439526.000000, 246142002.000000, 288569128.000000, 390478904.000000, 2530759544.000000
379.027487, 225642348.000000, 463121950.000000, 291991520.000000, 260521192.000000, 372439526.000000, 247867402.000000, 290713096.000000, 394059376.000000, 2546356410.000000
381.362976, 228066518.000000, 467228416.000000, 293573390.000000, 263554590.000000, 372439526.000000, 249610870.000000, 290713096.000000, 399875662.000000, 2565062068.000000
383.705083, 231405014.000000, 470725104.000000, 295679121.000000, 266076435.000000, 372439526.000000, 251391682.000000, 290713096.000000, 405731078.000000, 2584161056.000000
386.055483, 233578034.000000, 471998983.000000, 298185158.000000, 268298398.000000, 374520290.000000, 252328100.000000, 290713096.000000, 409449212.000000, 2599071271.000000
388.410260, 235087466.000000, 473701916.000000, 300592248.000000, 269708492.000000, 376846528.000000, 253660848.000000, 292980774.000000, 412231006.000000, 2614809278.000000
390.773066, 237020018.000000, 475822806.000000, 302708058.000000, 271532650.000000, 377799302.000000, 255433364.000000, 296736582.000000, 413516680.000000, 2630569460.000000
393.141342, 239383208.000000, 478394052.000000, 304486478.000000, 273823442.000000, 379110046.000000, 257628308.000000, 298945578.000000, 414014284.000000, 2645785396.000000
395.517937, 242195094.000000, 479961858.000000, 305606034.000000, 276607376.000000, 380510012.000000, 259057954.000000, 301849374.000000, 414014284.000000, 2659801986.000000
397.902534, 245114534.000000, 481552756.000000, 306875436.000000, 279509368.000000, 380510012.000000, 260580640.000000, 304216022.000000, 418333746.000000, 2676692514.000000
400.298236, 248194722.000000, 482462598.000000, 308247738.000000, 282402884.000000, 384355658.000000, 261426976.000000, 305465530.000000, 422912586.000000, 2695468692.000000
402.696616, 251559826.000000, 483847188.000000, 309718104.000000, 282402884.000000, 390254530.000000, 262692532.000000, 307181970.000000, 425607260.000000, 2713264294.000000
405.099383, 254236324.000000, 485703814.000000, 310992912.000000, 282402884.000000, 396185294.000000, 264425110.000000, 309370004.000000, 427079728.000000, 2730396070.000000
407.505684, 257377742.000000, 486577966.000000, 312836538.000000, 282402884.000000, 402078370.000000, 266614044.000000, 311953880.000000, 428957632.000000, 2748799056.000000
409.915789, 259703038.000000, 486577966.000000, 315287184.000000, 282402884.000000, 408026508.000000, 269285448.000000, 315115026.000000, 431506774.000000, 2767904828.000000
412.326868, 259703038.000000, 488728282.000000, 318228956.000000, 282402884.000000, 413990592.000000, 272670749.000000, 315734220.000000, 434530702.000000, 2785989423.000000
414.744357, 259703038.000000, 494482254.000000, 320888982.000000, 283049138.000000, 419964826.000000, 276505326.000000, 316068932.000000, 437200726.000000, 2807863222.000000
417.170933, 261259264.000000, 500449236.000000, 322625554.000000, 285570305.000000, 421137074.000000, 279004204.000000, 319542192.000000, 438986832.000000, 2828574661.000000
419.606697, 267058148.000000, 505767066.000000, 323787992.000000, 287059154.000000, 421816648.000000, 281570622.000000, 322958838.000000, 440192656.000000, 2850211124.000000
422.051307, 268508604.000000, 508711434.000000, 325069141.000000, 288671778.000000, 424914610.000000, 282686802.000000, 324326232.000000, 441466588.000000, 2864355189.000000
424.501217, 271876682.000000, 511103860.000000, 325908970.000000, 289657424.000000, 428212422.000000, 284190918.000000, 326113768.000000, 442408860.000000, 2879472904.000000
426.955620, 274398678.000000, 512096938.000000, 326777384.000000, 290565430.000000, 429270014.000000, 285172366.000000, 328426518.000000, 443466074.000000, 2890173402.000000
429.413261, 276932684.000000, 513680896.000000, 327999720.000000, 290681954.000000, 430759708.000000, 285172366.000000, 331426446.000000, 444958542.000000, 2901612316.000000
431.875302, 279651900.000000, 515932954.000000, 329619470.000000, 290681954.000000, 432917422.000000, 285172366.000000, 334961058.000000, 446785932.000000, 2915723056.000000
434.345184, 282133314.000000, 518657146.000000, 331522038.000000, 293787154.000000, 435584968.000000, 285172366.000000, 337743989.000000, 448589724.000000, 2933190699.000000
436.820783, 283805388.000000, 521785092.000000, 332821330.000000, 297406412.000000, 438637036.000000, 285172366.000000, 340342274.000000, 449936072.000000, 2949905970.000000
439.302756, 285576300.000000, 524914836.000000, 334450790.000000, 299087576.000000, 441676256.000000, 285172366.000000, 342011518.000000, 451745892.000000, 2964635534.000000
441.790402, 286612328.000000, 527043088.000000, 336628652.000000, 300338620.000000, 444710838.000000, 285172366.000000, 343544194.000000, 454074545.000000, 2978124631.000000
444.283921, 290512144.000000, 527043088.000000, 339469112.000000, 302237640.000000, 446456886.000000, 285172366.000000, 345764476.000000, 457110878.000000, 2993766590.000000
446.781620, 291916274.000000, 527043088.000000, 341110495.000000, 304680916.000000, 447464794.000000, 287902282.000000, 348586304.000000, 458855504.000000, 3007559657.000000
449.285150, 293864742.000000, 527043088.000000, 342542160.000000, 307567386.000000, 449049102.000000, 290303900.000000, 351864956.000000, 460755130.000000, 3022990464.000000
451.791688, 295281766.000000, 530539518.000000, 343688930.000000, 310518462.000000, 450260366.000000, 291780854.000000, 355170866.000000, 461851594.000000, 3039092356.000000
454.304179, 296949980.000000, 533022150.000000, 345306604.000000, 313502161.000000, 450967416.000000, 293756252.000000, 358478015.000000, 463467266.000000, 3055449844.000000
456.827934, 297582980.000000, 534630526.000000, 347269950.000000, 316008256.000000, 450967416.000000, 296065402.000000, 361594416.000000, 465477087.000000, 3069596033.000000
459.355261, 299001544.000000, 536563398.000000, 348720610.000000, 317175936.000000, 452635208.000000, 297753282.000000, 363532108.000000, 466899494.000000, 3082281580.000000
461.887208, 303518084.000000, 538366721.000000, 349002856.000000, 318892092.000000, 454944416.000000, 299007084.000000, 366002092.000000, 468364354.000000, 3098097699.000000
464.426493, 307900812.000000, 539923144.000000, 349002856.000000, 321215060.000000, 456651334.000000, 300378344.000000, 369056058.000000, 470017566.000000, 3114145174.000000
466.970297, 309098727.000000, 544364322.000000, 349002856.000000, 322017962.000000, 458796014.000000, 302282782.000000, 369526844.000000, 472148016.000000, 3127237523.000000
469.517845, 310601794.000000, 549225710.000000, 349002856.000000, 322017962.000000, 460989848.000000, 304300776.000000, 369526844.000000, 474336042.000000, 3140001832.000000
472.069563, 312157862.000000, 553167360.000000, 349002856.000000, 327557482.000000, 463112308.000000, 305852314.000000, 369526844.000000, 476482972.000000, 3156859998.000000
474.626151, 313264326.000000, 554680012.000000, 349002856.000000, 333860632.000000, 464735471.000000, 307007403.000000, 370028198.000000, 478100248.000000, 3170679146.000000
477.192747, 314940700.000000, 556740158.000000, 349002856.000000, 340200014.000000, 465830470.000000, 307970990.000000, 373379136.000000, 479152666.000000, 3187216990.000000
479.763120, 317202970.000000, 559355892.000000, 349002856.000000, 343105252.000000, 466800166.000000, 309105474.000000, 375294144.000000, 480184180.000000, 3200050934.000000
482.336212, 319209626.000000, 561567074.000000, 350837290.000000, 349370728.000000, 467976800.000000, 310440248.000000, 377002356.000000, 480872054.000000, 3217276176.000000
484.913861, 320649464.000000, 563256794.000000, 354158224.000000, 355452188.000000, 469796704.000000, 312378355.000000, 379281080.000000, 480872054.000000, 3235844863.000000
487.495604, 321717242.000000, 564325476.000000, 355170652.000000, 356989570.000000, 471691000.000000, 314370934.000000, 381543979.000000, 480872054.000000, 3246680907.000000
490.083296, 322773266.000000, 565391400.000000, 358777206.000000, 363298516.000000, 473441878.000000, 316431782.000000, 383707034.000000, 480872054.000000, 3264693136.000000
492.674006, 323948920.000000, 566635384.000000, 362814450.000000, 369671218.000000, 474901840.000000, 317842188.000000, 385191992.000000, 480872054.000000, 3281878046.000000
495.270968, 324840236.000000, 567527354.000000, 365096532.000000, 376074356.000000, 476894522.000000, 319814336.000000, 387338764.000000, 480872054.000000, 3298458154.000000
497.877441, 326021918.000000, 568681430.000000, 367161702.000000, 382410826.000000, 478991396.000000, 321927838.000000, 389548987.000000, 480872054.000000, 3315616151.000000
500.490669, 326994206.000000, 569693812.000000, 371628777.000000, 388853080.000000, 480950670.000000, 323607874.000000, 391588636.000000, 481654514.000000, 3334971569.000000
503.109722, 327918656.000000, 570569818.000000, 374367902.000000, 392366836.000000, 481780658.000000, 324445050.000000, 392526212.000000, 485111740.000000, 3349086872.000000
505.735157, 328266060.000000, 571849704.000000, 376799644.000000, 392366836.000000, 482860650.000000, 325665376.000000, 393547428.000000, 487528690.000000, 3358884388.000000
508.368682, 328266060.000000, 573572457.000000, 377987824.000000, 396923934.000000, 483925564.000000, 326855002.000000, 394563998.000000, 489458532.000000, 3371553371.000000
511.009037, 328266060.000000, 575303932.000000, 380397802.000000, 401782424.000000, 484772864.000000, 328015030.000000, 395403260.000000, 490640038.000000, 3384581410.000000
513.655887, 328266060.000000, 577413168.000000, 381980323.000000, 405874552.000000, 485795006.000000, 329345090.000000, 396404282.000000, 491888314.000000, 3396966795.000000
516.307354, 330723772.000000, 578402814.000000, 382984918.000000, 409342002.000000, 486507270.000000, 330134312.000000, 397133646.000000, 492725754.000000, 3407954488.000000
518.967852, 332458072.000000, 579897310.000000, 383288226.000000, 415842216.000000, 487336460.000000, 330978958.000000, 397969828.000000, 493564862.000000, 3421335932.000000
521.635820, 334252406.000000, 581197892.000000, 383749008.000000, 421994670.000000, 488462408.000000, 332260534.000000, 399107688.000000, 494793202.000000, 3435817808.000000
524.306329, 335946008.000000, 581197892.000000, 387054170.000000, 425389684.000000, 489750072.000000, 333493582.000000, 400403860.000000, 496062950.000000, 3449298218.000000
526.980815, 337270032.000000, 581197892.000000, 390296404.000000, 428207406.000000, 490886958.000000, 333891264.000000, 401520174.000000, 497186850.000000, 3460456980.000000
529.657566, 339177230.000000, 581197892.000000, 391998456.000000, 430057750.000000, 492642072.000000, 333891264.000000, 402819678.000000, 498884488.000000, 3470668830.000000
532.341545, 341759082.000000, 582078870.000000, 394517330.000000, 432754726.000000, 492904686.000000, 333891264.000000, 402819678.000000, 501258266.000000, 3481983902.000000
535.028740, 343598504.000000, 585303008.000000, 397764430.000000, 436149862.000000, 492904686.000000, 333891264.000000, 402819678.000000, 502982851.000000, 3495414283.000000
537.717215, 345231596.000000, 587386520.000000, 401066087.000000, 439562662.000000, 492904686.000000, 333891264.000000, 402819678.000000, 504535002.000000, 3507397495.000000
540.411224, 345557378.000000, 589480366.000000, 404633435.000000, 442631072.000000, 492904686.000000, 333891264.000000, 403864400.000000, 506190024.000000, 3519152625.000000
543.112166, 349310274.000000, 590707440.000000, 406099402.000000, 443811584.000000, 492904686.000000, 337893324.000000, 407818546.000000, 507805670.000000, 3536350926.000000
545.820018, 355772814.000000, 594977636.000000, 407183856.000000, 444618078.000000, 493836386.000000, 338291152.000000, 409510294.000000, 508803478.000000, 3552993694.000000
548.534909, 360622624.000000, 601501034.000000, 408762972.000000, 444618078.000000, 498577514.000000, 340121232.000000, 410644125.000000, 509591682.000000, 3574439261.000000
551.256318, 363642734.000000, 608244680.000000, 410960018.000000, 444618078.000000, 501813438.000000, 343891718.000000, 411669748.000000, 510658822.000000, 3595499236.000000
553.984323, 365437106.000000, 614888352.000000, 413679202.000000, 445793210.000000, 504042300.000000, 346163052.000000, 412682174.000000, 511835642.000000, 3614521038.000000
556.720908, 366780744.000000, 621687046.000000, 417001346.000000, 449395802.000000, 505830278.000000, 348007428.000000, 413078794.000000, 512907336.000000, 3634688774.000000
559.459920, 368096760.000000, 628411862.000000, 420935660.000000, 450908272.000000, 506963296.000000, 350532832.000000, 413078794.000000, 514112178.000000, 3653039654.000000
562.203105, 368096760.000000, 633984716.000000, 425515484.000000, 452381032.000000, 508562682.000000, 353670650.000000, 414461140.000000, 515950855.000000, 3672623319.000000
564.952295, 368454656.000000, 637411608.000000, 430815358.000000, 454397654.000000, 510730748.000000, 357365875.000000, 417812670.000000, 518336476.000000, 3695325045.000000
567.705426, 372639368.000000, 637903476.000000, 436630932.000000, 456814180.000000, 512410172.000000, 360055840.000000, 421070980.000000, 521149330.000000, 3718674278.000000
570.460692, 376060702.000000, 637903476.000000, 442027570.000000, 459978253.000000, 512410172.000000, 362830114.000000, 422720552.000000, 524706632.000000, 3738637471.000000
573.222591, 377635160.000000, 644100842.000000, 445449536.000000, 463224466.000000, 512410172.000000, 364144512.000000, 426147430.000000, 528316692.000000, 3761428810.000000
575.991863, 379045262.000000, 650815508.000000, 448074924.000000, 465153300.000000, 514622788.000000, 365983224.000000, 428780592.000000, 531085710.000000, 3783561308.000000
578.765948, 380378342.000000, 656330402.000000, 449915044.000000, 465153300.000000, 517560792.000000, 366650164.000000, 430626810.000000, 532303472.000000, 3798918326.000000
581.542986, 383857384.000000, 659789172.000000, 452473052.000000, 470998566.000000, 519533376.000000, 366650164.000000, 433075164.000000, 532303472.000000, 3818680350.000000
584.324713, 386390544.000000, 661788844.000000, 455719998.000000, 477761042.000000, 522856958.000000, 366650164.000000, 436280053.000000, 532303472.000000, 3839751075.000000
587.117079, 387889868.000000, 661788844.000000, 459189027.000000, 482312358.000000, 529720864.000000, 371857856.000000, 439718082.000000, 532303472.000000, 3864780371.000000
589.915648, 388561922.000000, 664957800.000000, 461798370.000000, 483890312.000000, 535087974.000000, 375448492.000000, 442410602.000000, 532303472.000000, 3884458944.000000
592.720730, 395238914.000000, 668818318.000000, 463502548.000000, 486315511.000000, 535251704.000000, 378533406.000000, 444176222.000000, 532303472.000000, 3904140095.000000
595.530983, 402288292.000000, 670635836.000000, 464348846.000000, 487414334.000000, 539476860.000000, 382764574.000000, 445083976.000000, 532303472.000000, 3924316190.000000
598.351428, 407509954.000000, 671723396.000000, 465396670.000000, 488640930.000000, 542226754.000000, 384412366.000000, 446208362.000000, 532303472.000000, 3938421904.000000
601.179222, 411861144.000000, 671723396.000000, 466961300.000000, 490431246.000000, 544638286.000000, 384832154.000000, 446792052.000000, 538274794.000000, 3955514372.000000
604.010256, 416866390.000000, 675340100.000000, 468361096.000000, 491995012.000000, 544638286.000000, 387343264.000000, 446792052.000000, 542694244.000000, 3974030444.000000
606.846611, 420932944.000000, 678483810.000000, 469872734.000000, 493608208.000000, 546853568.000000, 389961907.000000, 446792052.000000, 544945598.000000, 3991450821.000000
609.686261, 420932944.000000, 681468817.000000, 471722848.000000, 495573034.000000, 548899656.000000, 391622358.000000, 446792052.000000, 546481582.000000, 4003493291.000000
612.536610, 421603824.000000, 684416332.000000, 473736150.000000, 497678773.000000, 551085406.000000, 393278048.000000, 452333028.000000, 548158826.000000, 4022290387.000000
615.395396, 425258202.000000, 685983366.000000, 475449828.000000, 499485592.000000, 553766248.000000, 395486882.000000, 455793240.000000, 550310546.000000, 4041533904.000000
618.260073, 428278144.000000, 685983366.000000, 477129164.000000, 501294750.000000, 556437480.000000, 397780461.000000, 458590890.000000, 552478889.000000, 4057973144.000000
621.131075, 430133574.000000, 689443208.000000, 479477928.000000, 503784214.000000, 557977982.000000, 398934949.000000, 458891196.000000, 553467623.000000, 4072110674.000000
624.006237, 431097330.000000, 692036402.000000, 482478900.000000, 506849616.000000, 559367966.000000, 399871470.000000, 462420960.000000, 554473214.000000, 4088595858.000000
626.890644, 431182814.000000, 694687026.000000, 485973998.000000, 510452170.000000, 561032066.000000, 401146734.000000, 469545686.000000, 555849288.000000, 4109869782.000000
629.782209, 434240747.000000, 696125854.000000, 489565460.000000, 514118452.000000, 562030152.000000, 402008152.000000, 476615364.000000, 556827324.000000, 4131531505.000000
632.685430, 435910850.000000, 697288886.000000, 493070432.000000, 517806578.000000, 563053820.000000, 402915878.000000, 481531648.000000, 557722548.000000, 4149300640.000000
635.591491, 437795921.000000, 698767518.000000, 495091058.000000, 519659450.000000, 564414433.000000, 404157580.000000, 486055632.000000, 559029926.000000, 4164971518.000000
638.508788, 441680622.000000, 699993028.000000, 495543202.000000, 521352738.000000, 565557424.000000, 405612060.000000, 491141934.000000, 560170180.000000, 4181051188.000000
641.428506, 448858968.000000, 701582372.000000, 495543202.000000, 523818004.000000, 567102650.000000, 407510878.000000, 497007208.000000, 561700377.000000, 4203123659.000000
644.352880, 456085124.000000, 704062262.000000, 495543202.000000, 527037700.000000, 568449572.000000, 410237980.000000, 503669670.000000, 562250496.000000, 4227336006.000000
647.280867, 463263470.000000, 707347411.000000, 495543202.000000, 531212668.000000, 568449572.000000, 413859576.000000, 510819204.000000, 562250496.000000, 4252745599.000000
650.217403, 470550484.000000, 710931220.000000, 495543202.000000, 536291596.000000, 568449572.000000, 417663896.000000, 518107674.000000, 562250496.000000, 4279788140.000000
653.159400, 477753470.000000, 713903076.000000, 495543202.000000, 541953906.000000, 569513138.000000, 420998268.000000, 525322252.000000, 562599698.000000, 4307587010.000000
656.105179, 484891244.000000, 715134240.000000, 495543202.000000, 545354124.000000, 573152763.000000, 421968998.000000, 532568694.000000, 566498964.000000, 4335112229.000000
659.055031, 492243470.000000, 716751792.000000, 495543202.000000, 548296216.000000, 576259246.000000, 421968998.000000, 539886144.000000, 569724096.000000, 4360673164.000000
662.009323, 499500062.000000, 719265500.000000, 495543202.000000, 550413840.000000, 580283080.000000, 421968998.000000, 547184764.000000, 571879126.000000, 4386038572.000000
664.968256, 505067120.000000, 722204672.000000, 497334166.000000, 553368383.000000, 584689227.000000, 421968998.000000, 554412376.000000, 574856164.000000, 4413901106.000000
667.935199, 508359986.000000, 725230676.000000, 501340442.000000, 556453062.000000, 588960105.000000, 422826806.000000, 561673308.000000, 578024208.000000, 4442868593.000000
670.904931, 510096590.000000, 727420633.000000, 503282808.000000, 558581314.000000, 592592438.000000, 426356222.000000, 568969030.000000, 579773542.000000, 4467072577.000000
673.881976, 511748320.000000, 728949124.000000, 504804268.000000, 560536340.000000, 594031390.000000, 428237636.000000, 576377760.000000, 581160814.000000, 4485845652.000000
676.866942, 514131398.000000, 731209700.000000, 507085654.000000, 562880476.000000, 594031390.000000, 430501384.000000, 582425886.000000, 583146188.000000, 4505412076.000000
679.858241, 517237294.000000, 734164994.000000, 507679646.000000, 565032028.000000, 596726530.000000, 434296308.000000, 586046944.000000, 585046071.000000, 4526229815.000000
682.852079, 520665712.000000, 736529598.000000, 509121394.000000, 566592856.000000, 599878316.000000, 436834094.000000, 588487159.000000, 586521122.000000, 4544630251.000000
685.850143, 523469218.000000, 736529598.000000, 513846590.000000, 568113098.000000, 601831536.000000, 438996650.000000, 590729556.000000, 587920478.000000, 4561436724.000000
688.854445, 525703304.000000, 736529598.000000, 516460412.000000, 570419391.000000, 604566610.000000, 441989738.000000, 593797126.000000, 590127842.000000, 4579594021.000000
691.863794, 527576386.000000, 736529598.000000, 518747176.000000, 572894485.000000, 607331598.000000, 442733414.000000, 597789511.000000, 592428562.000000, 4596030730.000000
694.877364, 527974674.000000, 736529598.000000, 521872910.000000, 574898586.000000, 609603976.000000, 446851472.000000, 600800184.000000, 594502458.000000, 4613033858.000000
697.895767, 527974674.000000, 740597094.000000, 524929944.000000, 576552738.000000, 611926964.000000, 449807768.000000, 603323736.000000, 596508862.000000, 4631621780.000000
700.921476, 527974674.000000, 748133336.000000, 528272780.000000, 576552738.000000, 615052484.000000, 450886708.000000, 604566414.000000, 599307512.000000, 4650746646.000000
703.952554, 529354122.000000, 754277096.000000, 532923940.000000, 576552738.000000, 616580350.000000, 451910702.000000, 605961324.000000, 602963408.000000, 4670523680.000000
706.993416, 532792474.000000, 758370855.000000, 535814406.000000, 576552738.000000, 617397586.000000, 453222682.000000, 607200144.000000, 607276768.000000, 4688627653.000000
710.036416, 534468718.000000, 760641354.000000, 536317786.000000, 576552738.000000, 621732994.000000, 455266768.000000, 609271074.000000, 610232552.000000, 4704483984.000000
713.082437, 536471650.000000, 763075448.000000, 540049474.000000, 576552738.000000, 623880662.000000, 456049642.000000, 612299800.000000, 611643984.000000, 4720023398.000000
716.131241, 539234930.000000, 766282194.000000, 541901078.000000, 576552738.000000, 624449410.000000, 458930254.000000, 615337048.000000, 613191048.000000, 4735878700.000000
719.185219, 542681542.000000, 770209274.000000, 544553228.000000, 576552738.000000, 627345916.000000, 462110156.000000, 616909290.000000, 615583977.000000, 4755946121.000000
722.250660, 546280150.000000, 774274878.000000, 547956632.000000, 576552738.000000, 629302854.000000, 464085563.000000, 618014930.000000, 618268310.000000, 4774736055.000000
725.324287, 549684013.000000, 778529061.000000, 550378022.000000, 581037386.000000, 629807414.000000, 466490432.000000, 619592054.000000, 618268310.000000, 4793786692.000000
728.400702, 551588630.000000, 781377300.000000, 551186564.000000, 585023838.000000, 633499466.000000, 469509588.000000, 621792453.000000, 618268310.000000, 4812246149.000000
731.486255, 553779226.000000, 784313374.000000, 555027491.000000, 586843194.000000, 636656150.000000, 471848304.000000, 623362852.000000, 618268310.000000, 4830098901.000000
734.575605, 556817942.000000, 788030800.000000, 557106274.000000, 588687792.000000, 639040244.000000, 473851472.000000, 623917858.000000, 618268310.000000, 4845720692.000000
737.671381, 560309706.000000, 792199644.000000, 559553910.000000, 590425100.000000, 641088162.000000, 476366694.000000, 623917858.000000, 621847340.000000, 4865708414.000000
740.769399, 563862850.000000, 796300974.000000, 562804674.000000, 592246212.000000, 643081548.000000, 476555312.000000, 623917858.000000, 625143766.000000, 4883913194.000000
743.873986, 566365298.000000, 799142906.000000, 565097578.000000, 594242876.000000, 645265168.000000, 477411664.000000, 623917858.000000, 629616836.000000, 4901060184.000000
746.983990, 566365298.000000, 801260404.000000, 566891462.000000, 595054176.000000, 648437449.000000, 480382510.000000, 623917858.000000, 631985888.000000, 4914295045.000000
750.102132, 567749086.000000, 804099410.000000, 568771237.000000, 600192330.000000, 651022160.000000, 482537266.000000, 623917858.000000, 633611236.000000, 4931900583.000000
753.228913, 572985772.000000, 806611728.000000, 571340832.000000, 603616248.000000, 653103840.000000, 485359922.000000, 624336612.000000, 635906564.000000, 4953261518.000000
756.361196, 575424360.000000, 808526382.000000, 574856548.000000, 605073068.000000, 653337368.000000, 487369786.000000, 630367350.000000, 639059653.000000, 4974014515.000000
759.498838, 576469360.000000, 809651708.000000, 578883358.000000, 606637122.000000, 654043024.000000, 491450330.000000, 635155562.000000, 642778856.000000, 4995069320.000000
762.641872, 576469360.000000, 810480154.000000, 582886356.000000, 607367686.000000, 659831772.000000, 497601328.000000, 636360526.000000, 646496576.000000, 5017493758.000000
765.790407, 580664726.000000, 811175860.000000, 586655786.000000, 608292438.000000, 662516286.000000, 504818790.000000, 636360686.000000, 650655484.000000, 5041140056.000000
768.952123, 582500918.000000, 811175860.000000, 587989178.000000, 608893086.000000, 663426618.000000, 511593138.000000, 640216468.000000, 652221318.000000, 5058016584.000000
772.119703, 583839144.000000, 811175860.000000, 589828444.000000, 609874542.000000, 664632446.000000, 516758002.000000, 643494290.000000, 654483571.000000, 5074086299.000000
775.293215, 585860520.000000, 811175860.000000, 592651310.000000, 610779814.000000, 664844000.000000, 522939288.000000, 647056658.000000, 657753292.000000, 5093060742.000000
778.475097, 587420042.000000, 811175860.000000, 596290328.000000, 610779814.000000, 669035950.000000, 526606912.000000, 651205480.000000, 661856468.000000, 5114370854.000000
781.658707, 591900350.000000, 814531744.000000, 600049513.000000, 610779814.000000, 672184076.000000, 529527264.000000, 651261984.000000, 665965781.000000, 5136200526.000000
784.847446, 594016790.000000, 815860484.000000, 601987938.000000, 612615690.000000, 674459714.000000, 531420924.000000, 653852509.000000, 669846134.000000, 5154060183.000000
788.040631, 595318104.000000, 817179190.000000, 601987938.000000, 616025808.000000, 676357022.000000, 531420924.000000, 655495478.000000, 672471904.000000, 5166256368.000000
791.243299, 597095140.000000, 822533238.000000, 601987938.000000, 619302190.000000, 677743708.000000, 531420924.000000, 657495486.000000, 674874414.000000, 5182453038.000000
794.452809, 598363628.000000, 826953358.000000, 601987938.000000, 620977382.000000, 681525443.000000, 538896308.000000, 658809486.000000, 676619002.000000, 5204132545.000000
797.668437, 599514692.000000, 828978494.000000, 603374624.000000, 622398202.000000, 683555904.000000, 545340018.000000, 660031077.000000, 677871736.000000, 5221064747.000000
800.886379, 601247980.000000, 831957674.000000, 607484202.000000, 624421543.000000, 685862796.000000, 549265396.000000, 661820375.000000, 677871736.000000, 5239931702.000000
804.106847, 602984370.000000, 836008058.000000, 610069232.000000, 626616434.000000, 687942320.000000, 551807990.000000, 663414326.000000, 677871736.000000, 5256714466.000000
807.329258, 604921886.000000, 841100798.000000, 612857576.000000, 628554590.000000, 690063656.000000, 554564298.000000, 663414326.000000, 677871736.000000, 5273348866.000000
810.558230, 607530504.000000, 845561200.000000, 616537222.000000, 631194598.000000, 692839109.000000, 558195818.000000, 666192052.000000, 677871736.000000, 5295922239.000000
813.789671, 609670819.000000, 849037202.000000, 620565410.000000, 633704257.000000, 695177324.000000, 562189072.000000, 670794847.000000, 679075848.000000, 5320214779.000000
817.027354, 610678324.000000, 850802704.000000, 624590998.000000, 634859306.000000, 695597636.000000, 566219799.000000, 672509010.000000, 682863064.000000, 5338120841.000000
820.268388, 612293340.000000, 852969398.000000, 627057238.000000, 636503354.000000, 695597636.000000, 568668608.000000, 676041672.000000, 686121622.000000, 5355252868.000000
823.512312, 613451394.000000, 855297292.000000, 628968610.000000, 637793494.000000, 699464987.000000, 570551302.000000, 681735112.000000, 687732458.000000, 5374994649.000000
826.758544, 614509508.000000, 856478290.000000, 631637632.000000, 638956698.000000, 701859322.000000, 573188616.000000, 683838780.000000, 692523182.000000, 5392992028.000000
830.011529, 615354318.000000, 857416870.000000, 635094626.000000, 639801608.000000, 706638138.000000, 576520134.000000, 685115944.000000, 694574034.000000, 5410515672.000000
833.269207, 616320782.000000, 859127066.000000, 639232720.000000, 640780206.000000, 709204356.000000, 580520430.000000, 687023558.000000, 696888614.000000, 5429097732.000000
836.535718, 617899804.000000, 861703301.000000, 644736516.000000, 642330330.000000, 711379774.000000, 581157942.000000, 689738284.000000, 699182673.000000, 5448128624.000000
839.805663, 619879942.000000, 865158376.000000, 650946908.000000, 644188448.000000, 713563185.000000, 581157942.000000, 693523628.000000, 701394205.000000, 5469812634.000000
843.084837, 621420410.000000, 868291594.000000, 658057286.000000, 644809572.000000, 715297008.000000, 582796754.000000, 696770578.000000, 703045772.000000, 5490488974.000000
846.366687, 623702840.000000, 869431136.000000, 666003826.000000, 644809572.000000, 717884230.000000, 586414716.000000, 699071884.000000, 705633474.000000, 5512951678.000000
849.653852, 626274117.000000, 869431136.000000, 674103722.000000, 644809572.000000, 720744163.000000, 588732870.000000, 701086048.000000, 708466396.000000, 5533648024.000000
852.945087, 627726179.000000, 869431136.000000, 682155822.000000, 646816430.000000, 722856216.000000, 592148462.000000, 704141152.000000, 710502472.000000, 5555777869.000000
856.244848, 628583816.000000, 869738324.000000, 689855808.000000, 650796126.000000, 724099764.000000, 596343734.000000, 707954546.000000, 711767818.000000, 5579139936.000000
859.552973, 629826744.000000, 873865076.000000, 694011540.000000, 652739464.000000, 725816820.000000, 600727964.000000, 711894154.000000, 712273584.000000, 5601155346.000000
862.867247, 631643638.000000, 876981406.000000, 696751282.000000, 655157830.000000, 728107086.000000, 607180112.000000, 712647166.000000, 714209448.000000, 5622677968.000000
866.186181, 633089256.000000, 879382336.000000, 698597124.000000, 656713434.000000, 729569012.000000, 614584529.000000, 712647166.000000, 718042220.000000, 5642625077.000000
869.511938, 634427456.000000, 882792872.000000, 698597124.000000, 658309396.000000, 731112184.000000, 620283704.000000, 715124956.000000, 720076290.000000, 5660723982.000000
872.845435, 636153897.000000, 887167346.000000, 698597124.000000, 660337002.000000, 733197776.000000, 624474497.000000, 719273713.000000, 722562682.000000, 5681764037.000000
876.181578, 637756354.000000, 892588800.000000, 698597124.000000, 662130952.000000, 734929048.000000, 626168954.000000, 720875256.000000, 724603750.000000, 5697650238.000000
879.525408, 639820984.000000, 897429798.000000, 701057526.000000, 664242614.000000, 736962076.000000, 628371132.000000, 722991266.000000, 726685322.000000, 5717560718.000000
882.877174, 641498904.000000, 901125081.000000, 705766823.000000, 666223038.000000, 738894850.000000, 631386190.000000, 725963023.000000, 728820402.000000, 5739678311.000000
886.235701, 641539984.000000, 903054946.000000, 708720512.000000, 668028828.000000, 740661591.000000, 634196480.000000, 728711574.000000, 730591846.000000, 5755505761.000000
889.600510, 641539984.000000, 905600894.000000, 713708547.000000, 669328492.000000, 741918910.000000, 637160554.000000, 731503186.000000, 732051433.000000, 5772812000.000000
892.968671, 641539984.000000, 909219510.000000, 717019044.000000, 670048934.000000, 743336584.000000, 639671838.000000, 734225604.000000, 733470746.000000, 5788532244.000000
896.341802, 641539984.000000, 913994822.000000, 720924724.000000, 670048934.000000, 745546636.000000, 643371028.000000, 738065412.000000, 735699232.000000, 5809190772.000000
899.720400, 641539984.000000, 914585098.000000, 724841892.000000, 675143618.000000, 747702518.000000, 648196340.000000, 739734432.000000, 738070960.000000, 5829814842.000000
903.106044, 641539984.000000, 914585098.000000, 725852634.000000, 683465218.000000, 749031173.000000, 653687218.000000, 743230862.000000, 739911740.000000, 5851303927.000000
906.502035, 645813078.000000, 915309598.000000, 728160884.000000, 691681048.000000, 749652792.000000, 657709842.000000, 746008762.000000, 741734162.000000, 5876070166.000000
909.900032, 648351886.000000, 918623548.000000, 731398993.000000, 697884224.000000, 749652792.000000, 660503737.000000, 748303978.000000, 742785874.000000, 5897505032.000000
913.303744, 655072348.000000, 920897144.000000, 733628038.000000, 701310248.000000, 749652792.000000, 662304574.000000, 752894064.000000, 744196856.000000, 5919956064.000000
916.712469, 660860806.000000, 923981278.000000, 736638062.000000, 701310408.000000, 749652792.000000, 664334802.000000, 755166902.000000, 746563098.000000, 5938508148.000000
920.126122, 664334034.000000, 928333196.000000, 736638062.000000, 705041576.000000, 750262814.000000, 665924674.000000, 757898142.000000, 750070214.000000, 5958502712.000000
923.546721, 668680480.000000, 930620873.000000, 738401488.000000, 711301756.000000, 753453024.000000, 668276268.000000, 760161040.000000, 751315500.000000, 5982210429.000000
926.970821, 669058578.000000, 931801418.000000, 744216814.000000, 714497180.000000, 754917667.000000, 671703204.000000, 761745888.000000, 751315500.000000, 5999256249.000000
930.404090, 673685228.000000, 932226034.000000, 749155272.000000, 717670940.000000, 756038142.000000, 674852705.000000, 764390754.000000, 751315500.000000, 6019334575.000000
933.846100, 677753918.000000, 932246320.000000, 753019808.000000, 717670940.000000, 758101281.000000, 678100014.000000, 768340194.000000, 751315500.000000, 6036547975.000000
937.300628, 680030796.000000, 936236008.000000, 755107379.000000, 720099610.000000, 759354214.000000, 680777174.000000, 772833349.000000, 751315500.000000, 6055754030.000000
940.761185, 683007442.000000, 937734304.000000, 756145514.000000, 725327712.000000, 760311480.000000, 684155972.000000, 776299051.000000, 756275628.000000, 6079257103.000000
944.229841, 685858152.000000, 938835478.000000, 757266534.000000, 727440354.000000, 761540818.000000, 687392544.000000, 778009166.000000, 759469894.000000, 6095812940.000000
947.706774, 687694714.000000, 940602308.000000, 759060944.000000, 730761282.000000, 763343272.000000, 689911144.000000, 780350200.000000, 762742410.000000, 6114466274.000000
951.191909, 689509442.000000, 942391446.000000, 760805656.000000, 733053722.000000, 765049480.000000, 691571028.000000, 783697368.000000, 765409230.000000, 6131487372.000000
954.684722, 692097512.000000, 943171930.000000, 761822416.000000, 736132516.000000, 766372892.000000, 694087270.000000, 787997682.000000, 767725282.000000, 6149407500.000000
958.182654, 692097512.000000, 945022296.000000, 761822416.000000, 741534864.000000, 768864010.000000, 697537236.000000, 791392675.000000, 771183942.000000, 6169454951.000000
961.685962, 693698650.000000, 949858648.000000, 763125060.000000, 744859272.000000, 772468354.000000, 700067362.000000, 794108984.000000, 775804354.000000, 6193990684.000000
965.196020, 699627128.000000, 951593104.000000, 767037746.000000, 746445916.000000, 776350350.000000, 701384494.000000, 795327994.000000, 780606774.000000, 6218373506.000000
968.717848, 702783002.000000, 953708210.000000, 770620472.000000, 748014296.000000, 781505722.000000, 703104582.000000, 796022990.000000, 784037110.000000, 6239796384.000000
972.245811, 707009862.000000, 956354566.000000, 774435338.000000, 750723880.000000, 785430952.000000, 705371008.000000, 796022990.000000, 786167140.000000, 6261515736.000000
975.776402, 712017932.000000, 958173728.000000, 777688462.000000, 754444672.000000, 790409530.000000, 707298396.000000, 796022990.000000, 794933590.000000, 6290989300.000000
979.313345, 716926238.000000, 960237183.000000, 780526654.000000, 758379602.000000, 796587092.000000, 709862114.000000, 796022990.000000, 803659468.000000, 6322201341.000000
982.853189, 720487258.000000, 962768031.000000, 783762276.000000, 761339772.000000, 803536580.000000, 712847866.000000, 797880608.000000, 810671612.000000, 6353294003.000000
986.397152, 720487258.000000, 965091090.000000, 786450626.000000, 762782370.000000, 811183066.000000, 715533030.000000, 805254562.000000, 815886482.000000, 6382668484.000000
989.949149, 724366224.000000, 966342540.000000, 787834356.000000, 764381974.000000, 819688770.000000, 716720640.000000, 809988510.000000, 821848220.000000, 6411171234.000000
993.509219, 728282842.000000, 967649444.000000, 789172678.000000, 765934786.000000, 828419002.000000, 716720640.000000, 812285850.000000, 828934434.000000, 6437399676.000000
997.074631, 732432476.000000, 969678284.000000, 791346140.000000, 768641370.000000, 837228922.000000, 716720640.000000, 815745690.000000, 837025676.000000, 6468819198.000000
1000.644266, 736484748.000000, 972130012.000000, 793739602.000000, 772413322.000000, 846038842.000000, 716720640.000000, 820178186.000000, 845797310.000000, 6503502662.000000
1004.220727, 739430712.000000, 974018924.000000, 795207514.000000, 776592177.000000, 854805292.000000, 716720640.000000, 824864950.000000, 854584046.000000, 6536224255.000000
1007.816420, 742439400.000000, 976545776.000000, 797239952.000000, 779359862.000000, 863612314.000000, 716720640.000000, 828020914.000000, 863491042.000000, 6567429900.000000
1011.417637, 744825062.000000, 980237294.000000, 800323744.000000, 781284662.000000, 872399036.000000, 716720640.000000, 829837422.000000, 872319806.000000, 6597947666.000000
1015.025863, 748608601.000000, 982902674.000000, 802690796.000000, 783814232.000000, 881304604.000000, 716720640.000000, 831821096.000000, 881238394.000000, 6629101037.000000
1018.642963, 751237370.000000, 984896614.000000, 804479616.000000, 786453086.000000, 890111626.000000, 716720640.000000, 838234370.000000, 886247594.000000, 6658380916.000000
1022.266577, 754238423.000000, 987300223.000000, 806852810.000000, 788575024.000000, 895612030.000000, 720240254.000000, 841488724.000000, 886247594.000000, 6680555082.000000
1025.897437, 757513800.000000, 990178352.000000, 809650868.000000, 790888440.000000, 899152876.000000, 723906556.000000, 843198312.000000, 887598062.000000, 6702087266.000000
1029.533635, 759990446.000000, 992489240.000000, 811812490.000000, 793278282.000000, 901485170.000000, 726269682.000000, 846023862.000000, 893776598.000000, 6725125770.000000
1033.179611, 762547092.000000, 992846004.000000, 814216846.000000, 795383692.000000, 903807092.000000, 729558250.000000, 852124138.000000, 898042590.000000, 6748525704.000000
1036.831540, 766260814.000000, 992846004.000000, 817784680.000000, 796873533.000000, 906805868.000000, 734038450.000000, 859783566.000000, 903024252.000000, 6777417167.000000
1040.488271, 771035184.000000, 992846004.000000, 818929866.000000, 798261700.000000, 910704857.000000, 739139339.000000, 864113688.000000, 912022542.000000, 6807053180.000000
1044.149617, 776487930.000000, 992846004.000000, 818929866.000000, 800493370.000000, 914722897.000000, 744261644.000000, 866502310.000000, 921048356.000000, 6835292377.000000
1047.815799, 780338218.000000, 996475742.000000, 818929866.000000, 803876384.000000, 917233148.000000, 746267746.000000, 871725782.000000, 926343002.000000, 6861189888.000000
1051.484499, 782332612.000000, 1000263252.000000, 818929866.000000, 808569102.000000, 919703419.000000, 747510988.000000, 874430180.000000, 930070564.000000, 6881809983.000000
1055.155834, 782332612.000000, 1002178872.000000, 822598734.000000, 814405960.000000, 922317626.000000, 754076400.000000, 877609340.000000, 931962668.000000, 6907482212.000000
1058.833714, 782332612.000000, 1003988612.000000, 825765126.000000, 821365310.000000, 923742832.000000, 757743952.000000, 881799662.000000, 933815108.000000, 6930553214.000000
1062.520056, 786686850.000000, 1004206342.000000, 830180106.000000, 829441672.000000, 923742832.000000, 760554384.000000, 885525656.000000, 935959230.000000, 6956297072.000000
1066.210049, 789826094.000000, 1008079558.000000, 836755498.000000, 836423850.000000, 923742832.000000, 764433406.000000, 887256304.000000, 938631249.000000, 6985148791.000000
1069.906036, 791712708.000000, 1010509450.000000, 839296574.000000, 842432646.000000, 923742832.000000, 769374708.000000, 889070946.000000, 940793336.000000, 7006933200.000000
1073.608935, 793629126.000000, 1013581488.000000, 842623550.000000, 849680536.000000, 923742832.000000, 775558330.000000, 891561488.000000, 943996910.000000, 7034374260.000000
1077.320172, 797861838.000000, 1015475960.000000, 847005270.000000, 858040031.000000, 923742832.000000, 782469728.000000, 893421510.000000, 948350230.000000, 7066367399.000000
1081.034699, 800263582.000000, 1020454637.000000, 851696322.000000, 867172850.000000, 923742832.000000, 786788710.000000, 895251546.000000, 952951196.000000, 7098321675.000000
1084.751869, 803788416.000000, 1023487752.000000, 856020840.000000, 876271128.000000, 923742832.000000, 789614476.000000, 896065286.000000, 957843008.000000, 7126833738.000000
1088.471404, 808478770.000000, 1026574790.000000, 857947007.000000, 881103536.000000, 928168078.000000, 792664440.000000, 896065286.000000, 960695695.000000, 7151697602.000000
1092.193884, 810407174.000000, 1030782300.000000, 861020770.000000, 882057400.000000, 931200024.000000, 796887986.000000, 901364272.000000, 964667894.000000, 7178387820.000000
1095.921422, 817646378.000000, 1035394516.000000, 865116602.000000, 882057400.000000, 932837338.000000, 801496248.000000, 904673896.000000, 969640804.000000, 7208863182.000000
1099.662997, 826785214.000000, 1042597140.000000, 869418578.000000, 882057400.000000, 935363002.000000, 801881038.000000, 907685034.000000, 974730550.000000, 7240517956.000000
1103.413322, 835954486.000000, 1050050448.000000, 873435138.000000, 882057400.000000, 939193012.000000, 802462080.000000, 912151564.000000, 978364912.000000, 7273669040.000000
1107.166235, 845309230.000000, 1054459509.000000, 876388136.000000, 882057400.000000, 944211550.000000, 807407524.000000, 916173122.000000, 980617432.000000, 7306623903.000000
1110.921310, 854461114.000000, 1057418504.000000, 880477474.000000, 882057400.000000, 948795694.000000, 810385114.000000, 919813010.000000, 984097216.000000, 7337505526.000000
1114.683789, 859745624.000000, 1060523892.000000, 885330208.000000, 884388834.000000, 950898142.000000, 813431794.000000, 923976942.000000, 988443284.000000, 7366738720.000000
1118.452548, 862540738.000000, 1062799120.000000, 890519150.000000, 889432810.000000, 953652684.000000, 815723640.000000, 928579992.000000, 988823114.000000, 7392071248.000000
1122.226314, 867613087.000000, 1064489924.000000, 894217042.000000, 898038414.000000, 962890066.000000, 817304722.000000, 931034258.000000, 988823114.000000, 7424410627.000000
1126.005738, 870106338.000000, 1067107866.000000, 896291192.000000, 907375770.000000, 972179598.000000, 819836738.000000, 934258370.000000, 988823114.000000, 7455978986.000000
1129.795852, 873525654.000000, 1070135272.000000, 899259626.000000, 916646472.000000, 981532900.000000, 822710867.000000, 937752549.000000, 989495450.000000, 7491058790.000000
1133.592706, 875978715.000000, 1072637380.000000, 901512337.000000, 923101344.000000, 990851412.000000, 824889972.000000, 940103794.000000, 994245304.000000, 7523320258.000000
1137.398032, 877308040.000000, 1075351670.000000, 903105368.000000, 928519736.000000, 993216228.000000, 827641220.000000, 941904894.000000, 995861626.000000, 7542908782.000000
1141.208850, 878675673.000000, 1075516626.000000, 904715711.000000, 932393489.000000, 998036620.000000, 831502046.000000, 947502226.000000, 997283804.000000, 7565626195.000000
1145.024016, 880644606.000000, 1075516626.000000, 905017744.000000, 934662868.000000, 1001842718.000000, 836740774.000000, 949930878.000000, 998934216.000000, 7583290430.000000
1148.844389, 883936050.000000, 1077280052.000000, 905017744.000000, 937704586.000000, 1004707402.000000, 843169266.000000, 953195770.000000, 1001852958.000000, 7606863828.000000
1152.671434, 888454383.000000, 1081404034.000000, 905017744.000000, 940182548.000000, 1010113453.000000, 847275098.000000, 955125222.000000, 1006064220.000000, 7633636702.000000
1156.504481, 893405712.000000, 1086381660.000000, 905017744.000000, 943029984.000000, 1013135544.000000, 849898188.000000, 957384020.000000, 1010607790.000000, 7658860642.000000
1160.345469, 897527452.000000, 1095705968.000000, 909118818.000000, 945733864.000000, 1016151676.000000, 852905900.000000, 959403464.000000, 1015418216.000000, 7691965358.000000
1164.190893, 899550628.000000, 1102619306.000000, 911645542.000000, 947597338.000000, 1020224862.000000, 856912454.000000, 960938778.000000, 1018159572.000000, 7717648480.000000
1168.042759, 902615408.000000, 1108891772.000000, 916562912.000000, 949076146.000000, 1025427164.000000, 856912454.000000, 963048096.000000, 1021993092.000000, 7744527044.000000
1171.901528, 906833688.000000, 1116622388.000000, 923713120.000000, 949076146.000000, 1025863816.000000, 856912454.000000, 965523274.000000, 1027205418.000000, 7771750304.000000
1175.765336, 907735614.000000, 1121491367.000000, 926395194.000000, 951578562.000000, 1030462942.000000, 856912454.000000, 967051472.000000, 1034505420.000000, 7796133025.000000
1179.632384, 907735614.000000, 1124598514.000000, 928153496.000000, 957213054.000000, 1033380298.000000, 865803504.000000, 968316236.000000, 1042886594.000000, 7828087310.000000
1183.503825, 908849888.000000, 1124598514.000000, 929907958.000000, 960723049.000000, 1035753804.000000, 875393000.000000, 970014214.000000, 1052327076.000000, 7857567503.000000
1187.377256, 913066318.000000, 1127873254.000000, 931298644.000000, 962627712.000000, 1039184492.000000, 881522256.000000, 971248690.000000, 1061128200.000000, 7887949566.000000
1191.256935, 915305532.000000, 1132847664.000000, 933119000.000000, 962991594.000000, 1042499710.000000, 886358624.000000, 972847244.000000, 1066685796.000000, 7912655164.000000
1195.142866, 916850408.000000, 1139084256.000000, 934227662.000000, 963230672.000000, 1047092026.000000, 888545766.000000, 974431424.000000, 1073480866.000000, 7936943080.000000
1199.034158, 918717882.000000, 1142889710.000000, 934227662.000000, 969983012.000000, 1050057512.000000, 892128462.000000, 975275172.000000, 1075183330.000000, 7958462742.000000
1202.932240, 921310335.000000, 1146947402.000000, 936609818.000000, 974368498.000000, 1052313418.000000, 897416690.000000, 975275172.000000, 1075183330.000000, 7979424663.000000
1206.832824, 923587270.000000, 1149082140.000000, 940153720.000000, 977711512.000000, 1055381994.000000, 904335836.000000, 975275172.000000, 1075183330.000000, 8000710974.000000
1210.740867, 924927564.000000, 1153353612.000000, 942186978.000000, 982378888.000000, 1059898396.000000, 912687336.000000, 975275172.000000, 1076149806.000000, 8026857752.000000
1214.656020, 925359414.000000, 1155375714.000000, 943687798.000000, 987304389.000000, 1064628474.000000, 918192392.000000, 979439598.000000, 1080167392.000000, 8054155171.000000
1218.574485, 925359414.000000, 1157856176.000000, 946105359.000000, 991598446.000000, 1069269618.000000, 921014372.000000, 984092500.000000, 1084492438.000000, 8079788323.000000
1222.496713, 929194910.000000, 1161125982.000000, 949185300.000000, 993234224.000000, 1070867416.000000, 923349776.000000, 986851832.000000, 1086521970.000000, 8100331410.000000
1226.424021, 932517262.000000, 1163286902.000000, 950773992.000000, 995194094.000000, 1072564880.000000, 926902438.000000, 990831962.000000, 1090194730.000000, 8122266260.000000
1230.355843, 936432839.000000, 1164748792.000000, 951983698.000000, 997104413.000000, 1074699232.000000, 930827940.000000, 995996278.000000, 1092787706.000000, 8144580898.000000
1234.290609, 940749697.000000, 1167293604.000000, 954265226.000000, 998963932.000000, 1076703786.000000, 930827940.000000, 1002382958.000000, 1097225416.000000, 8168412559.000000
1238.230529, 944881550.000000, 1170226314.000000, 957091020.000000, 1001611788.000000, 1079354952.000000, 930827940.000000, 1010227492.000000, 1100109672.000000, 8194330728.000000
1242.178105, 947709484.000000, 1172726932.000000, 959435526.000000, 1004804720.000000, 1082625788.000000, 930827940.000000, 1016354292.000000, 1103490222.000000, 8217974904.000000
1246.134494, 950584294.000000, 1174893860.000000, 961927376.000000, 1007089500.000000, 1085212862.000000, 935074952.000000, 1021361416.000000, 1105540384.000000, 8241684644.000000
1250.097457, 952660414.000000, 1174893860.000000, 963860890.000000, 1007089500.000000, 1088454796.000000, 940522278.000000, 1025115074.000000, 1107569406.000000, 8260166218.000000
1254.068895, 954434074.000000, 1174893860.000000, 965604232.000000, 1007089500.000000, 1091987843.000000, 945940046.000000, 1027700700.000000, 1113297084.000000, 8280947339.000000
1258.048241, 955044466.000000, 1179756400.000000, 966535416.000000, 1008357368.000000, 1094818334.000000, 949786230.000000, 1031617410.000000, 1115136312.000000, 8301051936.000000
1262.032604, 955044466.000000, 1181812694.000000, 966955182.000000, 1012928068.000000, 1097270166.000000, 952125374.000000, 1033137504.000000, 1116633762.000000, 8315907216.000000
1266.020428, 960118690.000000, 1184770962.000000, 966955182.000000, 1016806584.000000, 1099732265.000000, 954299972.000000, 1033137504.000000, 1119345405.000000, 8335166564.000000
1270.013811, 962858754.000000, 1186698940.000000, 966955182.000000, 1021238354.000000, 1102283020.000000, 956285588.000000, 1034695172.000000, 1121406280.000000, 8352421290.000000
1274.015994, 966294464.000000, 1187913532.000000, 970374822.000000, 1022678934.000000, 1105761948.000000, 959363120.000000, 1039020752.000000, 1122802048.000000, 8374209620.000000
1278.020484, 968618682.000000, 1189957919.000000, 980219328.000000, 1024790895.000000, 1108857922.000000, 961946424.000000, 1043106256.000000, 1124429612.000000, 8401927038.000000
1282.033176, 971332916.000000, 1191873103.000000, 990037738.000000, 1026750934.000000, 1111623568.000000, 964769000.000000, 1046466091.000000, 1124429612.000000, 8427282962.000000
1286.048628, 973971922.000000, 1193542664.000000, 994983872.000000, 1028292120.000000, 1113772824.000000, 968047200.000000, 1049081332.000000, 1127129092.000000, 8448821026.000000
1290.072388, 977515660.000000, 1196419434.000000, 999268004.000000, 1028645014.000000, 1115738808.000000, 970109158.000000, 1049439106.000000, 1131150374.000000, 8468285558.000000
1294.102613, 980093528.000000, 1198585418.000000, 1004764968.000000, 1029479638.000000, 1118456932.000000, 972493300.000000, 1053666208.000000, 1134007196.000000, 8491547188.000000
1298.139909, 981291802.000000, 1199688612.000000, 1011440492.000000, 1034299378.000000, 1121632596.000000, 975770055.000000, 1055341578.000000, 1135370698.000000, 8514835211.000000
1302.179646, 983008044.000000, 1201497594.000000, 1017986764.000000, 1038097816.000000, 1121632596.000000, 979200066.000000, 1057270658.000000, 1142045985.000000, 8540739523.000000
1306.229941, 983261964.000000, 1203439066.000000, 1017986764.000000, 1040989184.000000, 1121632596.000000, 981487346.000000, 1058864754.000000, 1145563191.000000, 8553224865.000000
1310.286020, 985812204.000000, 1205371430.000000, 1020674652.000000, 1043306140.000000, 1121632596.000000, 984195934.000000, 1060358164.000000, 1151475994.000000, 8572827114.000000
1314.353169, 995763922.000000, 1206930924.000000, 1024310696.000000, 1045070208.000000, 1121632596.000000, 986889312.000000, 1061661658.000000, 1157237600.000000, 8599496916.000000
1318.424707, 998701052.000000, 1209269715.000000, 1027492180.000000, 1047533508.000000, 1121632596.000000, 988091112.000000, 1062216434.000000, 1163337602.000000, 8618274199.000000
1322.503356, 1002317644.000000, 1211790176.000000, 1031478974.000000, 1051033613.000000, 1121632596.000000, 989750072.000000, 1062406246.000000, 1166373314.000000, 8636782635.000000
1326.588834, 1006118300.000000, 1211790176.000000, 1033678114.000000, 1053111314.000000, 1122233924.000000, 991460204.000000, 1067145106.000000, 1170282736.000000, 8655819874.000000
1330.677709, 1011108200.000000, 1211790176.000000, 1035400912.000000, 1054357392.000000, 1126909776.000000, 991460204.000000, 1069592444.000000, 1175529174.000000, 8676148278.000000
1334.773584, 1016012784.000000, 1211790176.000000, 1037764996.000000, 1055970438.000000, 1129617290.000000, 991460204.000000, 1072462406.000000, 1180918450.000000, 8695996744.000000
1338.882495, 1017683184.000000, 1220000210.000000, 1040483699.000000, 1058113728.000000, 1132450072.000000, 991460204.000000, 1074986211.000000, 1183341276.000000, 8718518584.000000
1342.998846, 1022079450.000000, 1230086692.000000, 1042316024.000000, 1059672916.000000, 1133950716.000000, 992173112.000000, 1077947328.000000, 1185902860.000000, 8744129098.000000
1347.121075, 1025501208.000000, 1236555460.000000, 1044906518.000000, 1062012192.000000, 1136122603.000000, 995701918.000000, 1080931850.000000, 1187701796.000000, 8769433545.000000
1351.248861, 1028474258.000000, 1243062976.000000, 1047235784.000000, 1064289426.000000, 1138036504.000000, 997611956.000000, 1083313821.000000, 1190032570.000000, 8792057295.000000
1355.380846, 1032860188.000000, 1245920404.000000, 1048461824.000000, 1065502710.000000, 1139173450.000000, 1002681092.000000, 1084556138.000000, 1191221588.000000, 8810377394.000000
1359.516345, 1038731942.000000, 1256089472.000000, 1050084008.000000, 1067096068.000000, 1140831309.000000, 1006218404.000000, 1086289706.000000, 1191221588.000000, 8836562497.000000
1363.656281, 1044912109.000000, 1256840068.000000, 1051696120.000000, 1068803110.000000, 1142405672.000000, 1008450654.000000, 1087810332.000000, 1198244884.000000, 8859162949.000000
1367.804193, 1045535436.000000, 1266500544.000000, 1053565740.000000, 1070687748.000000, 1144278266.000000, 1011087566.000000, 1089953782.000000, 1208467572.000000, 8890076654.000000
1371.959829, 1046630880.000000, 1275594468.000000, 1055390062.000000, 1072374366.000000, 1146216824.000000, 1013073570.000000, 1092512120.000000, 1218691730.000000, 8920484020.000000
1376.123815, 1054778600.000000, 1277734648.000000, 1056627628.000000, 1073885642.000000, 1148092292.000000, 1014889068.000000, 1094824872.000000, 1228894132.000000, 8949726882.000000
1380.293743, 1058736280.000000, 1282034518.000000, 1056627628.000000, 1076270716.000000, 1150520139.000000, 1017373368.000000, 1097346975.000000, 1239180590.000000, 8978090214.000000
1384.470953, 1061519766.000000, 1285447504.000000, 1056627628.000000, 1078782096.000000, 1152809788.000000, 1019687168.000000, 1099808290.000000, 1249568464.000000, 9004250704.000000
1388.653579, 1066297112.000000, 1289170734.000000, 1056627628.000000, 1081296039.000000, 1155369500.000000, 1022376995.000000, 1102353754.000000, 1259753492.000000, 9033245254.000000
1392.838681, 1070854174.000000, 1292240520.000000, 1060542826.000000, 1081708268.000000, 1157996518.000000, 1024486864.000000, 1105051016.000000, 1270116740.000000, 9062996926.000000
1397.029780, 1076010950.000000, 1294139700.000000, 1069133940.000000, 1081708268.000000, 1159687846.000000, 1025803100.000000, 1106659882.000000, 1273017638.000000, 9086161324.000000
1401.226082, 1080581091.000000, 1296080162.000000, 1074585920.000000, 1081708268.000000, 1162149362.000000, 1028141780.000000, 1107679870.000000, 1273017638.000000, 9103944091.000000
1405.426135, 1084853392.000000, 1299531377.000000, 1080184242.000000, 1081708268.000000, 1164675579.000000, 1031089940.000000, 1107679870.000000, 1273017638.000000, 9122740306.000000
1409.630165, 1088613237.000000, 1302628894.000000, 1084713888.000000, 1084604812.000000, 1167247887.000000, 1034251150.000000, 1107679870.000000, 1273017638.000000, 9142757376.000000
1413.839863, 1093864394.000000, 1304599296.000000, 1087748808.000000, 1088063074.000000, 1167864062.000000, 1038894996.000000, 1107679870.000000, 1273017638.000000, 9161732138.000000
1418.051618, 1099230616.000000, 1307493234.000000, 1091375354.000000, 1091935926.000000, 1167864062.000000, 1043997146.000000, 1107679870.000000, 1273017638.000000, 9182593846.000000
1422.268035, 1102068094.000000, 1309935312.000000, 1094824702.000000, 1095456066.000000, 1167864062.000000, 1046741074.000000, 1107679870.000000, 1273017638.000000, 9197586818.000000
1426.485189, 1105002402.000000, 1313079032.000000, 1098106254.000000, 1099286322.000000, 1169400630.000000, 1049387640.000000, 1107679870.000000, 1273017638.000000, 9214959788.000000
1430.708315, 1107414080.000000, 1318194716.000000, 1101558856.000000, 1109691584.000000, 1172611878.000000, 1049387640.000000, 1107679870.000000, 1273017638.000000, 9239556262.000000
1434.935227, 1109868986.000000, 1325547780.000000, 1105634846.000000, 1120104112.000000, 1176673630.000000, 1049387640.000000, 1107679870.000000, 1273017638.000000, 9267914502.000000
1439.165676, 1109868986.000000, 1327359720.000000, 1109536670.000000, 1125471208.000000, 1180692972.000000, 1051955268.000000, 1107679870.000000, 1273017638.000000, 9285582332.000000
1443.396651, 1109868986.000000, 1327359720.000000, 1110154046.000000, 1125471208.000000, 1184073138.000000, 1052944854.000000, 1107679870.000000, 1273017638.000000, 9290569460.000000
1447.629391, 1109868986.000000, 1327359720.000000, 1110154046.000000, 1125471208.000000, 1188960592.000000, 1052944854.000000, 1107679870.000000, 1273017638.000000, 9295456914.000000
1451.864661, 1109868986.000000, 1327359720.000000, 1110154046.000000, 1125471208.000000, 1191894534.000000, 1052944854.000000, 1107679870.000000, 1273017638.000000, 9298390856.000000
1456.102742, 1109868986.000000, 1327359720.000000, 1110154046.000000, 1125471208.000000, 1191894534.000000, 1052944854.000000, 1107679870.000000, 1273017638.000000, 9298390856.000000
