1.002975, 552.000000, 552.000000, 552.000000, 552.000000, 552.000000, 552.000000, 552.000000, 552.000000, 4416.000000
2.014895, 552.000000, 45464.000000, 96172.000000, 90390.000000, 145438.000000, 99084.000000, 552.000000, 552.000000, 478204.000000
3.039785, 1190174.000000, 2282720.000000, 1290162.000000, 2427620.000000, 1319128.000000, 1258270.000000, 220800.000000, 552.000000, 9989426.000000
4.069631, 2462396.000000, 3259798.000000, 2548482.000000, 3975638.000000, 2608752.000000, 2524710.000000, 1837884.000000, 522192.000000, 19739852.000000
5.106254, 3581202.000000, 4176730.000000, 3776368.000000, 4862698.000000, 3918142.000000, 3954508.000000, 3475254.000000, 2182746.000000, 29927648.000000
6.148217, 4911626.000000, 5073268.000000, 5103488.000000, 5807039.000000, 5244974.000000, 5258580.000000, 5187972.000000, 3865028.000000, 40451975.000000
7.195529, 5692430.000000, 6079572.000000, 5735256.000000, 6659122.000000, 5873446.000000, 5969694.000000, 6800374.000000, 5627012.000000, 48436906.000000
8.245555, 6278494.000000, 6981348.000000, 6301172.000000, 7695376.000000, 6438510.000000, 6543470.000000, 7978450.000000, 7176928.000000, 55393748.000000
9.299393, 6963538.000000, 7369094.000000, 6988456.000000, 8665542.000000, 7118282.000000, 7145450.000000, 8508752.000000, 8289892.000000, 61049006.000000
10.357098, 7751014.000000, 7858666.000000, 7773570.000000, 9043746.000000, 7889538.000000, 7145450.000000, 9146268.000000, 8863372.000000, 65471624.000000
11.419156, 8630672.000000, 8451736.000000, 8648256.000000, 9523934.000000, 8734966.000000, 7145450.000000, 9855430.000000, 9542182.000000, 70532626.000000
12.484485, 9593982.000000, 9139440.000000, 9394524.000000, 10082106.000000, 9460955.000000, 7997462.000000, 10673114.000000, 10308044.000000, 76649627.000000
13.556044, 10617488.000000, 9759718.000000, 9985632.000000, 10721826.000000, 10018380.000000, 9536300.000000, 11536324.000000, 11117944.000000, 83293612.000000
14.630925, 11736932.000000, 9759718.000000, 10598178.000000, 11452916.000000, 10609599.000000, 11029598.000000, 12587734.000000, 12088994.000000, 89863669.000000
15.707458, 12954836.000000, 9759718.000000, 11274786.000000, 12327944.000000, 11297461.000000, 12395884.000000, 13660996.000000, 13096354.000000, 96767979.000000
16.794791, 14261006.000000, 9759718.000000, 11697482.000000, 13252104.000000, 11719092.000000, 13087788.000000, 14886982.000000, 14242162.000000, 102906334.000000
17.889488, 15660686.000000, 9759718.000000, 12091490.000000, 14332875.000000, 12105922.000000, 13503660.000000, 16174008.000000, 15511246.000000, 109139605.000000
18.989146, 16775924.000000, 11044974.000000, 12573866.000000, 15453562.000000, 12551566.000000, 13927446.000000, 17521954.000000, 16832982.000000, 116682274.000000
20.096542, 17763069.000000, 12785230.000000, 13125268.000000, 16636024.000000, 12823932.000000, 14459596.000000, 18298458.000000, 18215044.000000, 124106621.000000
21.205995, 18865628.000000, 14453022.000000, 13814980.000000, 17902915.000000, 12823932.000000, 15113116.000000, 18298458.000000, 19663740.000000, 130935791.000000
22.322083, 19851353.000000, 16236213.000000, 14633912.000000, 19202279.000000, 12823932.000000, 15880710.000000, 18298458.000000, 21150818.000000, 138077675.000000
23.454994, 20952572.000000, 17580872.000000, 15530192.000000, 20528082.000000, 12823932.000000, 16703922.000000, 20640028.000000, 22643470.000000, 147403070.000000
24.597509, 21360110.000000, 18041070.000000, 16521860.000000, 21898476.000000, 12823932.000000, 17645145.000000, 23419224.000000, 24153858.000000, 155863675.000000
25.750969, 21856334.000000, 18427989.000000, 17511148.000000, 23235345.000000, 12823932.000000, 18649446.000000, 26246216.000000, 25650010.000000, 164400420.000000
26.913090, 22440448.000000, 18898672.000000, 17511148.000000, 24340814.000000, 13489016.000000, 19353888.000000, 29015248.000000, 26707289.000000, 171756523.000000
28.079886, 23175360.000000, 19511560.000000, 17511148.000000, 24907660.000000, 15091610.000000, 19353888.000000, 31975562.000000, 27502814.000000, 179029602.000000
29.251485, 24052400.000000, 20273030.000000, 17511148.000000, 25513432.000000, 16535016.000000, 19353888.000000, 34892406.000000, 28431871.000000, 186563191.000000
30.429998, 25022624.000000, 21135356.000000, 17511148.000000, 25925750.000000, 17225956.000000, 20076932.000000, 37609274.000000, 28972762.000000, 193479802.000000
31.615504, 26087618.000000, 22120986.000000, 17511148.000000, 26358004.000000, 17918717.000000, 22974932.000000, 40576826.000000, 29581146.000000, 203129377.000000
32.806148, 27297554.000000, 23214686.000000, 17511148.000000, 26937104.000000, 18692942.000000, 25888878.000000, 43582052.000000, 30349818.000000, 213474182.000000
34.000340, 28589032.000000, 24421042.000000, 17511148.000000, 27601604.000000, 19605418.000000, 28828892.000000, 46519182.000000, 31210540.000000, 224286858.000000
35.197482, 29933323.000000, 25626252.000000, 17719804.000000, 28327986.000000, 20562534.000000, 31705150.000000, 49385290.000000, 32178520.000000, 235438859.000000
36.400870, 30707925.000000, 26333694.000000, 19273132.000000, 29183314.000000, 21634474.000000, 34726322.000000, 52403564.000000, 33244036.000000, 247506461.000000
37.610508, 31550598.000000, 26880356.000000, 20904706.000000, 30039543.000000, 22734344.000000, 37664894.000000, 54319018.000000, 34269822.000000, 258363281.000000
38.826189, 32534910.000000, 27707848.000000, 22130840.000000, 30997728.000000, 23925152.000000, 40649834.000000, 56008319.000000, 35119892.000000, 269074523.000000
40.048859, 33150654.000000, 28273504.000000, 22993870.000000, 32283450.000000, 25414194.000000, 42763250.000000, 57797150.000000, 35119892.000000, 277795964.000000
41.275365, 33661336.000000, 28727824.000000, 23645514.000000, 33552327.000000, 26919088.000000, 44497060.000000, 58848460.000000, 35119892.000000, 284971501.000000
42.508576, 34344546.000000, 29344252.000000, 24459212.000000, 34966580.000000, 28547072.000000, 46389588.000000, 58848460.000000, 35119892.000000, 292019602.000000
43.747454, 35174830.000000, 30110284.000000, 25413645.000000, 36410364.000000, 30201339.000000, 48382946.000000, 58848460.000000, 35119892.000000, 299661760.000000
44.992687, 36125160.000000, 30993286.000000, 26482504.000000, 37827716.000000, 31806777.000000, 50548116.000000, 58848460.000000, 35563286.000000, 308195305.000000
46.243726, 37124158.000000, 31924477.000000, 27614522.000000, 38380768.000000, 34367648.000000, 52480724.000000, 58848460.000000, 38623574.000000, 319364331.000000
47.498649, 38336148.000000, 32087262.000000, 28969090.000000, 38380768.000000, 35545662.000000, 52480724.000000, 60258330.000000, 41631698.000000, 327689682.000000
48.758483, 39647496.000000, 32087262.000000, 30410704.000000, 38380768.000000, 36469928.000000, 52480724.000000, 62492688.000000, 44783266.000000, 336752836.000000
50.021984, 41055243.000000, 32087262.000000, 31988716.000000, 38380768.000000, 37448578.000000, 54025358.000000, 64573452.000000, 45677416.000000, 345236793.000000
51.290449, 42384434.000000, 32087262.000000, 33419354.000000, 38380768.000000, 38432368.000000, 57069700.000000, 66699142.000000, 46091830.000000, 354564858.000000
52.559431, 43215000.000000, 32087262.000000, 34296066.000000, 38380768.000000, 39488736.000000, 60237214.000000, 68750210.000000, 47555320.000000, 364010576.000000
53.833292, 44032080.000000, 32087262.000000, 35166100.000000, 38380768.000000, 39949481.000000, 63372850.000000, 69991996.000000, 49014456.000000, 371994993.000000
55.107729, 44979506.000000, 33794170.000000, 36079965.000000, 38380768.000000, 40431273.000000, 66491098.000000, 73065332.000000, 50271496.000000, 383493608.000000
56.387397, 45610342.000000, 36502358.000000, 36700870.000000, 38380768.000000, 40969731.000000, 69707878.000000, 76234288.000000, 51042636.000000, 395148871.000000
57.671486, 46175832.000000, 39087374.000000, 37320972.000000, 38380768.000000, 41585592.000000, 72858004.000000, 79404700.000000, 51780890.000000, 406594132.000000
58.966880, 46839206.000000, 41628920.000000, 38038396.000000, 38380768.000000, 42267754.000000, 76022620.000000, 82546132.000000, 52658608.000000, 418382404.000000
60.264349, 47620718.000000, 44074416.000000, 38848768.000000, 39442878.000000, 43038632.000000, 78133820.000000, 85758558.000000, 53612906.000000, 430530696.000000
61.566293, 48511372.000000, 45732602.000000, 39787692.000000, 41067214.000000, 43711914.000000, 79749448.000000, 88998522.000000, 54728688.000000, 442287452.000000
62.873227, 49504031.000000, 46409902.000000, 40838270.000000, 42788612.000000, 44258788.000000, 81304218.000000, 92276160.000000, 55915184.000000, 453295165.000000
64.185307, 50518628.000000, 47235132.000000, 41908678.000000, 44397314.000000, 44908624.000000, 82966456.000000, 95523376.000000, 57123920.000000, 464582128.000000
65.502520, 51677044.000000, 48182658.000000, 42692956.000000, 45512006.000000, 45699408.000000, 84083408.000000, 98654672.000000, 58459356.000000, 474961508.000000
66.823502, 52879058.000000, 48313806.000000, 43403934.000000, 46255944.000000, 46637614.000000, 84829134.000000, 101933752.000000, 59849260.000000, 484102502.000000
68.149323, 54145023.000000, 48313806.000000, 44167722.000000, 47130504.000000, 47689542.000000, 85735966.000000, 105149076.000000, 61055002.000000, 493386641.000000
69.478236, 54783182.000000, 50010578.000000, 44577198.000000, 48117856.000000, 48894292.000000, 86775562.000000, 108448456.000000, 61593572.000000, 503200696.000000
70.811300, 55197166.000000, 52184078.000000, 44930186.000000, 49269838.000000, 50221272.000000, 87961072.000000, 111801442.000000, 61986012.000000, 513551066.000000
72.148933, 55653354.000000, 53998086.000000, 45354866.000000, 50513446.000000, 51620872.000000, 88417966.000000, 115041406.000000, 62370272.000000, 522970268.000000
73.487869, 56102994.000000, 55096134.000000, 45791760.000000, 51928948.000000, 53216398.000000, 88417966.000000, 118369752.000000, 62370272.000000, 531294224.000000
74.834202, 56742450.000000, 56390048.000000, 46420118.000000, 53534584.000000, 55035746.000000, 88417966.000000, 121706806.000000, 62370272.000000, 540617990.000000
76.182415, 57540612.000000, 57825180.000000, 47188468.000000, 55298556.000000, 56957410.000000, 88417966.000000, 125032268.000000, 62370272.000000, 550630732.000000
77.540434, 58435304.000000, 59335348.000000, 48049442.000000, 57180028.000000, 59044982.000000, 88854108.000000, 127866512.000000, 62370272.000000, 561135996.000000
78.902002, 59389007.000000, 60852854.000000, 48918914.000000, 59136678.000000, 60697890.000000, 90514662.000000, 129531406.000000, 63578738.000000, 572620149.000000
80.267539, 60368288.000000, 62376973.000000, 49848408.000000, 61263256.000000, 61066744.000000, 92247666.000000, 131210804.000000, 66646264.000000, 585028403.000000
81.638165, 61359002.000000, 63880062.000000, 50799412.000000, 63536704.000000, 61066744.000000, 93856910.000000, 133017397.000000, 70051414.000000, 597567645.000000
83.009673, 62344000.000000, 65330700.000000, 51682190.000000, 66003922.000000, 61066744.000000, 95359362.000000, 134477888.000000, 73468156.000000, 609732962.000000
84.392024, 62979850.000000, 66120744.000000, 52281024.000000, 68595242.000000, 61066744.000000, 96124050.000000, 135251048.000000, 76916776.000000, 619335478.000000
85.777439, 63809156.000000, 67068028.000000, 53081602.000000, 71398146.000000, 61066744.000000, 97048266.000000, 136168282.000000, 80379886.000000, 630020110.000000
87.166749, 64792408.000000, 68098892.000000, 54002736.000000, 74332368.000000, 61066744.000000, 98130210.000000, 137300664.000000, 82673770.000000, 640397792.000000
88.561793, 65910362.000000, 68098892.000000, 55055566.000000, 76495801.000000, 61066744.000000, 99368528.000000, 138566696.000000, 83957584.000000, 648520173.000000
89.962204, 67238132.000000, 68098892.000000, 56292458.000000, 78177856.000000, 61066744.000000, 100751916.000000, 140041818.000000, 85761582.000000, 657429398.000000
91.365133, 68741300.000000, 68098892.000000, 57741706.000000, 79931022.000000, 61066744.000000, 102398892.000000, 141687416.000000, 87551090.000000, 667217062.000000
92.770503, 69869662.000000, 69269684.000000, 58813785.000000, 81686134.000000, 61066744.000000, 104067370.000000, 143449964.000000, 89338894.000000, 677562237.000000
94.185562, 70795486.000000, 71030212.000000, 59635990.000000, 82339246.000000, 61615908.000000, 105494538.000000, 144912260.000000, 89960212.000000, 685783852.000000
95.604340, 71935496.000000, 72479422.000000, 60654108.000000, 82906922.000000, 63308340.000000, 106467832.000000, 145850928.000000, 90511392.000000, 694114440.000000
97.028493, 72852688.000000, 73541018.000000, 61398162.000000, 83605632.000000, 65033953.000000, 107266142.000000, 146851776.000000, 91219788.000000, 701769159.000000
98.458720, 73700696.000000, 74360574.000000, 61922170.000000, 84469918.000000, 66251824.000000, 108014604.000000, 147635390.000000, 92095793.000000, 708450969.000000
99.892584, 74703820.000000, 75336914.000000, 62606892.000000, 85506526.000000, 67051534.000000, 108692336.000000, 148242676.000000, 93103030.000000, 715243728.000000
101.332170, 75865710.000000, 76490276.000000, 63457284.000000, 86707312.000000, 68047798.000000, 109538826.000000, 149092174.000000, 94292744.000000, 723492124.000000
102.778540, 77130744.000000, 77752592.000000, 64470744.000000, 88073694.000000, 69179344.000000, 110513148.000000, 150072138.000000, 95630778.000000, 732823182.000000
104.232636, 78624458.000000, 78272240.000000, 65668636.000000, 89563092.000000, 70469458.000000, 111644682.000000, 151101610.000000, 97069380.000000, 742413556.000000
105.689213, 79656704.000000, 78928630.000000, 66920420.000000, 91154474.000000, 71866258.000000, 112404738.000000, 152306776.000000, 98703158.000000, 751941158.000000
107.152100, 80682698.000000, 82496068.000000, 68364530.000000, 92944184.000000, 73395862.000000, 112404738.000000, 153683952.000000, 100418440.000000, 764390472.000000
108.621180, 81840442.000000, 86089588.000000, 69975196.000000, 94774816.000000, 73688902.000000, 112404738.000000, 155182246.000000, 102273669.000000, 776229597.000000
110.094162, 83163349.000000, 86937370.000000, 71679230.000000, 96329462.000000, 74249658.000000, 112404738.000000, 156862924.000000, 103793924.000000, 785420655.000000
111.571440, 84122998.000000, 88238558.000000, 72940028.000000, 97296300.000000, 75943546.000000, 112404738.000000, 158620702.000000, 104808013.000000, 794374883.000000
113.054262, 85127602.000000, 90601884.000000, 73133486.000000, 98223280.000000, 77672006.000000, 113358166.000000, 160393906.000000, 105737044.000000, 804247374.000000
114.542262, 86356952.000000, 93103520.000000, 73133486.000000, 99086946.000000, 78851816.000000, 115731642.000000, 161794888.000000, 106613902.000000, 814673152.000000
116.033820, 87371366.000000, 94922656.000000, 73133486.000000, 99797956.000000, 79688012.000000, 118063076.000000, 163155239.000000, 107297038.000000, 823428829.000000
117.530978, 87983486.000000, 95745114.000000, 73133486.000000, 100701162.000000, 80728996.000000, 120194439.000000, 164780300.000000, 108165968.000000, 831432951.000000
119.031515, 88800018.000000, 96746692.000000, 73133486.000000, 101842180.000000, 81987560.000000, 120976762.000000, 165462926.000000, 109297566.000000, 838247190.000000
120.533798, 89830476.000000, 97986566.000000, 73133486.000000, 103063528.000000, 83325596.000000, 121967534.000000, 166274332.000000, 110482185.000000, 846063703.000000
122.038989, 91056170.000000, 99363300.000000, 73133486.000000, 104301398.000000, 84662527.000000, 123174652.000000, 167267648.000000, 111680608.000000, 854639789.000000
123.548000, 92465958.000000, 100870260.000000, 73133486.000000, 105589294.000000, 85898834.000000, 124530114.000000, 168462154.000000, 112859880.000000, 863809980.000000
125.067579, 94020726.000000, 104459426.000000, 73133486.000000, 107101664.000000, 86886209.000000, 126116290.000000, 169874536.000000, 113557600.000000, 875149937.000000
126.591839, 95774108.000000, 108270296.000000, 73133486.000000, 108356190.000000, 87799762.000000, 127875184.000000, 171450619.000000, 113557600.000000, 886217245.000000
128.117269, 97700128.000000, 111939164.000000, 73717426.000000, 109638958.000000, 88762072.000000, 129819735.000000, 173260215.000000, 113557600.000000, 898395298.000000
129.650897, 99809138.000000, 115716700.000000, 75953240.000000, 110543758.000000, 89461666.000000, 131786925.000000, 175084548.000000, 113557600.000000, 911913575.000000
131.188042, 102122102.000000, 119558006.000000, 78060142.000000, 111480327.000000, 90287183.000000, 133796178.000000, 176942810.000000, 113557600.000000, 925804348.000000
132.733806, 104586176.000000, 123370318.000000, 79191974.000000, 112147872.000000, 90861158.000000, 135788362.000000, 178771878.000000, 113557600.000000, 938275338.000000
134.287151, 106540368.000000, 127185542.000000, 80035324.000000, 112521888.000000, 91384164.000000, 137839387.000000, 180559760.000000, 115122520.000000, 951188953.000000
135.848134, 108180544.000000, 131002208.000000, 81023624.000000, 112521888.000000, 92106138.000000, 138630646.000000, 183212158.000000, 117338034.000000, 964015240.000000
137.415538, 109849151.000000, 134885528.000000, 82251966.000000, 112521888.000000, 93073460.000000, 138630646.000000, 184828010.000000, 119564390.000000, 975605039.000000
138.987691, 111611072.000000, 137411142.000000, 83686880.000000, 112521888.000000, 94225044.000000, 140097034.000000, 186704460.000000, 121296174.000000, 987553694.000000
140.566480, 112339552.000000, 139370190.000000, 85341644.000000, 112521888.000000, 95643992.000000, 142087960.000000, 188731384.000000, 122240906.000000, 998277516.000000
142.150521, 113285424.000000, 141424300.000000, 87233702.000000, 112521888.000000, 97266540.000000, 143993815.000000, 191037754.000000, 123350954.000000, 1010114377.000000
143.737990, 114436750.000000, 143087786.000000, 89294052.000000, 112521888.000000, 99083754.000000, 145644442.000000, 193530998.000000, 124723814.000000, 1022323484.000000
145.330787, 115813066.000000, 144006270.000000, 91410241.000000, 112521888.000000, 100980044.000000, 146573286.000000, 196172344.000000, 126268580.000000, 1033745719.000000
146.928105, 117393802.000000, 145135070.000000, 93488044.000000, 112521888.000000, 102881600.000000, 147762864.000000, 199151628.000000, 128029722.000000, 1046364618.000000
148.533561, 119114415.000000, 146408344.000000, 95581024.000000, 112521888.000000, 104763999.000000, 149086542.000000, 202059338.000000, 129983948.000000, 1059519498.000000
150.145397, 120975531.000000, 147860118.000000, 96961362.000000, 113847716.000000, 106075790.000000, 150580750.000000, 202059338.000000, 132100178.000000, 1070460783.000000
151.759749, 122903832.000000, 149530932.000000, 97917904.000000, 116091376.000000, 106937418.000000, 152284212.000000, 202059338.000000, 134220036.000000, 1081945048.000000
153.377608, 124855228.000000, 151395934.000000, 98514594.000000, 117519870.000000, 107485820.000000, 154188564.000000, 202059338.000000, 136343802.000000, 1092363150.000000
154.998287, 126806980.000000, 153371530.000000, 99292096.000000, 119064716.000000, 108225000.000000, 156232700.000000, 202059338.000000, 138476592.000000, 1103528952.000000
156.620900, 128866922.000000, 155404237.000000, 100282110.000000, 120926418.000000, 109177722.000000, 158284182.000000, 202059338.000000, 140488278.000000, 1115489207.000000
158.250278, 130456202.000000, 157424598.000000, 101368296.000000, 122779108.000000, 110267316.000000, 160333426.000000, 202059338.000000, 141741698.000000, 1126429982.000000
159.882576, 131629604.000000, 159441832.000000, 101737928.000000, 125096750.000000, 111696034.000000, 162405298.000000, 202059338.000000, 142593018.000000, 1136659802.000000
161.522020, 132134882.000000, 161567486.000000, 101875576.000000, 127515159.000000, 113277372.000000, 164298426.000000, 202059338.000000, 143697862.000000, 1146426101.000000
163.166652, 132134882.000000, 162579034.000000, 105351844.000000, 129907382.000000, 114883950.000000, 165270612.000000, 202059338.000000, 145000645.000000, 1157187687.000000
164.817287, 132134882.000000, 163429228.000000, 109422078.000000, 132334754.000000, 116567555.000000, 166184480.000000, 202059338.000000, 146043896.000000, 1168176211.000000
166.471929, 132134882.000000, 164528847.000000, 113467686.000000, 134757448.000000, 118246518.000000, 167332458.000000, 202405642.000000, 147207980.000000, 1180081461.000000
168.132107, 132134882.000000, 165313568.000000, 117542274.000000, 136889458.000000, 119687122.000000, 168173708.000000, 204937052.000000, 148625552.000000, 1193303616.000000
169.797354, 132134882.000000, 166347806.000000, 121554548.000000, 137665436.000000, 120318862.000000, 169745564.000000, 207417900.000000, 149995278.000000, 1205180276.000000
171.467539, 132134882.000000, 167100132.000000, 125720430.000000, 138700854.000000, 121188394.000000, 170876492.000000, 210337628.000000, 151251229.000000, 1217310041.000000
173.144299, 132134882.000000, 168097676.000000, 129922530.000000, 140014784.000000, 122335378.000000, 172293374.000000, 213158838.000000, 152653118.000000, 1230610580.000000
174.823311, 132134882.000000, 169361306.000000, 134082602.000000, 141588136.000000, 123695368.000000, 173933258.000000, 215880266.000000, 153829580.000000, 1244505398.000000
176.505624, 132134882.000000, 170882572.000000, 138239790.000000, 143388368.000000, 125300918.000000, 175826778.000000, 216754458.000000, 154496886.000000, 1257024652.000000
178.190095, 132134882.000000, 172669036.000000, 142389726.000000, 145480438.000000, 127141304.000000, 177911862.000000, 217864824.000000, 155330774.000000, 1270922846.000000
179.879351, 132134882.000000, 174533694.000000, 146394762.000000, 147644453.000000, 129064180.000000, 180136682.000000, 218729734.000000, 155842796.000000, 1284481183.000000
181.575122, 132134882.000000, 176402404.000000, 149701380.000000, 149870152.000000, 131035326.000000, 182300252.000000, 219832526.000000, 155842796.000000, 1297119718.000000
183.276195, 132134882.000000, 177541231.000000, 153949848.000000, 152116038.000000, 133056539.000000, 183509682.000000, 221746662.000000, 155842796.000000, 1309897678.000000
184.979601, 132134882.000000, 178564248.000000, 158189622.000000, 155225666.000000, 134176122.000000, 184710802.000000, 223787262.000000, 157674332.000000, 1324462936.000000
186.691887, 132134882.000000, 179452526.000000, 162435192.000000, 156331942.000000, 134176122.000000, 185614518.000000, 224986150.000000, 161843098.000000, 1336974430.000000
188.407365, 132134882.000000, 180425020.000000, 166721334.000000, 157194320.000000, 134176122.000000, 186626616.000000, 226135934.000000, 166087226.000000, 1349501454.000000
190.127124, 132134882.000000, 181675734.000000, 171013272.000000, 158335832.000000, 134176122.000000, 187954614.000000, 227550598.000000, 170315394.000000, 1363156448.000000
191.852602, 132134882.000000, 183003682.000000, 175296516.000000, 159774866.000000, 134176122.000000, 189373186.000000, 229104045.000000, 173830792.000000, 1376694091.000000
193.583724, 132134882.000000, 184317398.000000, 178474180.000000, 160148452.000000, 134176122.000000, 190822180.000000, 230612794.000000, 174979842.000000, 1385665850.000000
195.319841, 132550738.000000, 185341174.000000, 180567978.000000, 160148452.000000, 135661340.000000, 191796760.000000, 231426908.000000, 177164934.000000, 1394658284.000000
197.058806, 136758634.000000, 186071900.000000, 182797804.000000, 160148452.000000, 137874148.000000, 192518888.000000, 232052420.000000, 179266566.000000, 1407488812.000000
198.800411, 140995510.000000, 186748776.000000, 183777932.000000, 160216548.000000, 139283510.000000, 193206764.000000, 232607518.000000, 180219524.000000, 1417056082.000000
200.550637, 145380184.000000, 187620653.000000, 184845818.000000, 164517180.000000, 140962666.000000, 194140764.000000, 233392662.000000, 181335360.000000, 1432195287.000000
202.306584, 149670878.000000, 188576528.000000, 186111788.000000, 168287966.000000, 142601759.000000, 195096397.000000, 234213146.000000, 182596062.000000, 1447154524.000000
204.067392, 152039638.000000, 189519804.000000, 187552144.000000, 170710686.000000, 144127212.000000, 196182688.000000, 235093392.000000, 184231124.000000, 1459456688.000000
205.831311, 154672086.000000, 190263948.000000, 189217202.000000, 173363150.000000, 145149458.000000, 197217184.000000, 235792784.000000, 186014408.000000, 1471690220.000000
207.599799, 157552078.000000, 190863534.000000, 191118716.000000, 176255616.000000, 146223652.000000, 198342320.000000, 236574546.000000, 188048448.000000, 1484978910.000000
209.372976, 160680738.000000, 190863534.000000, 193274422.000000, 179379068.000000, 147560268.000000, 199713129.000000, 237581160.000000, 190285996.000000, 1499338315.000000
211.153335, 164082186.000000, 190863534.000000, 195404912.000000, 182773514.000000, 147917814.000000, 201323978.000000, 238877092.000000, 192561491.000000, 1513804521.000000
212.938448, 167732216.000000, 190863534.000000, 197507076.000000, 186358246.000000, 148043870.000000, 203162504.000000, 240444408.000000, 194796468.000000, 1528908322.000000
214.729547, 171621126.000000, 190863534.000000, 198667130.000000, 190273383.000000, 150015966.000000, 205249056.000000, 242269218.000000, 196122763.000000, 1545082176.000000
216.526713, 175771174.000000, 190863534.000000, 199929296.000000, 194430836.000000, 151647454.000000, 207689308.000000, 244366872.000000, 197350208.000000, 1562048682.000000
218.330096, 180168012.000000, 190863534.000000, 200718550.000000, 198773178.000000, 152642250.000000, 210080552.000000, 246433989.000000, 197919204.000000, 1577599269.000000
220.136513, 184507760.000000, 191276492.000000, 201728710.000000, 203127430.000000, 153868756.000000, 212228552.000000, 248297584.000000, 197919204.000000, 1592954488.000000
221.950491, 188316318.000000, 193044000.000000, 202970086.000000, 207641058.000000, 155365414.000000, 213646568.000000, 249660402.000000, 197919204.000000, 1608563050.000000
223.772279, 190337341.000000, 194205790.000000, 204399328.000000, 212014154.000000, 156184176.000000, 214805200.000000, 251113290.000000, 199294298.000000, 1622353577.000000
225.597072, 191971791.000000, 194268090.000000, 206028770.000000, 216488652.000000, 156184176.000000, 215373826.000000, 251803800.000000, 202224176.000000, 1634343281.000000
227.428824, 193686237.000000, 196528530.000000, 207665802.000000, 218766494.000000, 157859220.000000, 216067950.000000, 252765880.000000, 205078939.000000, 1648419052.000000
229.269164, 194885150.000000, 199299018.000000, 209093535.000000, 220555894.000000, 161007890.000000, 216975052.000000, 253882306.000000, 206350432.000000, 1662049277.000000
231.112369, 195752506.000000, 202679066.000000, 210699557.000000, 220638486.000000, 163927376.000000, 217061064.000000, 255321744.000000, 206938726.000000, 1673018525.000000
232.960471, 196685468.000000, 204394188.000000, 212006210.000000, 220638486.000000, 165334960.000000, 217061064.000000, 257096842.000000, 210565566.000000, 1683782784.000000
234.822009, 197735906.000000, 206388332.000000, 213140934.000000, 221444240.000000, 166454567.000000, 217061064.000000, 259108302.000000, 214083738.000000, 1695417083.000000
236.690953, 199184375.000000, 208649920.000000, 214009944.000000, 224400186.000000, 167314090.000000, 217061064.000000, 261362396.000000, 217281884.000000, 1709263859.000000
238.564024, 200074202.000000, 211240624.000000, 215190374.000000, 226820324.000000, 168348926.000000, 217061064.000000, 263990988.000000, 218323402.000000, 1721049904.000000
240.442239, 201280158.000000, 214157646.000000, 216052588.000000, 227795336.000000, 169286270.000000, 217061064.000000, 266906214.000000, 219636634.000000, 1732175910.000000
242.326565, 202835180.000000, 217439192.000000, 216132558.000000, 229109090.000000, 170557830.000000, 217061064.000000, 270169808.000000, 219673188.000000, 1742977910.000000
244.218387, 204722685.000000, 221049138.000000, 216132558.000000, 229966990.000000, 172182154.000000, 217061064.000000, 272424274.000000, 222056786.000000, 1755595649.000000
246.114929, 206283630.000000, 224136272.000000, 216132558.000000, 232544754.000000, 174068698.000000, 218272428.000000, 274604588.000000, 224531678.000000, 1770574606.000000
248.018586, 207824702.000000, 226320270.000000, 216132558.000000, 235749942.000000, 176323316.000000, 220829906.000000, 276736340.000000, 226954631.000000, 1786871665.000000
249.926468, 210022206.000000, 228703366.000000, 216132558.000000, 237698802.000000, 178647236.000000, 223158320.000000, 277622586.000000, 227970582.000000, 1799955656.000000
251.838972, 211121732.000000, 230419110.000000, 216132558.000000, 240733008.000000, 180409246.000000, 224662676.000000, 278818690.000000, 229308024.000000, 1811605044.000000
253.755718, 212548206.000000, 231600162.000000, 216132558.000000, 243674560.000000, 182205072.000000, 225453354.000000, 280207118.000000, 230876640.000000, 1822697670.000000
255.678484, 214295706.000000, 233095476.000000, 216132558.000000, 245469978.000000, 183529414.000000, 228225298.000000, 281212902.000000, 231922818.000000, 1833884150.000000
257.607851, 216155470.000000, 234916712.000000, 217143960.000000, 246649518.000000, 184502284.000000, 230618960.000000, 281837880.000000, 232346704.000000, 1844171488.000000
259.541119, 217719758.000000, 237058652.000000, 220347692.000000, 248182074.000000, 185810886.000000, 231727892.000000, 281837880.000000, 232608966.000000, 1855293800.000000
261.478998, 218216276.000000, 238670128.000000, 224678547.000000, 250059354.000000, 187386438.000000, 233114644.000000, 281837880.000000, 235764888.000000, 1869728155.000000
263.418052, 218216276.000000, 240472376.000000, 228219892.000000, 252334300.000000, 189378562.000000, 234855106.000000, 281837880.000000, 238806320.000000, 1884120712.000000
265.357748, 218216276.000000, 242019946.000000, 231549288.000000, 254879337.000000, 191648363.000000, 237046658.000000, 281837880.000000, 240921746.000000, 1898119494.000000
267.301189, 218216276.000000, 243042300.000000, 235280944.000000, 257479083.000000, 193962889.000000, 239640956.000000, 281837880.000000, 242184812.000000, 1911645140.000000
269.248289, 218216276.000000, 244496280.000000, 239420996.000000, 260037333.000000, 196300721.000000, 242605064.000000, 281837880.000000, 243880920.000000, 1926795470.000000
271.200816, 218216276.000000, 246325284.000000, 243894406.000000, 262869978.000000, 197944002.000000, 246005966.000000, 281837880.000000, 245916344.000000, 1943010136.000000
273.162108, 219043648.000000, 248404704.000000, 243986208.000000, 263663548.000000, 197944002.000000, 249196520.000000, 285356052.000000, 248130750.000000, 1955725432.000000
275.130169, 221773564.000000, 250688250.000000, 246194484.000000, 264481202.000000, 197944002.000000, 251396508.000000, 289484246.000000, 250707096.000000, 1972669352.000000
277.102836, 224527211.000000, 253058318.000000, 250916768.000000, 265423340.000000, 197944002.000000, 253553981.000000, 293473336.000000, 253259014.000000, 1992155970.000000
279.083132, 226115474.000000, 255400498.000000, 255776714.000000, 266317910.000000, 197944002.000000, 254860420.000000, 294504444.000000, 255763776.000000, 2006683238.000000
281.070803, 227276928.000000, 257503362.000000, 260623612.000000, 266890298.000000, 198645318.000000, 255969802.000000, 296370742.000000, 257914610.000000, 2021194672.000000
283.065436, 228693554.000000, 258755848.000000, 263787762.000000, 267618710.000000, 201272524.000000, 257383609.000000, 300610530.000000, 259009848.000000, 2037132385.000000
285.067784, 230338308.000000, 259680118.000000, 266750634.000000, 268515108.000000, 201798684.000000, 258976734.000000, 304701050.000000, 259738868.000000, 2050499504.000000
287.075483, 230385734.000000, 260816246.000000, 270015164.000000, 269463644.000000, 204631472.000000, 260530362.000000, 308753821.000000, 260639858.000000, 2065236301.000000
289.092118, 230385734.000000, 262219796.000000, 273620262.000000, 270244112.000000, 208103276.000000, 262067239.000000, 310787968.000000, 261841480.000000, 2079269867.000000
291.114587, 230385734.000000, 263923768.000000, 277495826.000000, 271067810.000000, 211527252.000000, 263694778.000000, 311973534.000000, 263302328.000000, 2093371030.000000
293.143691, 231187134.000000, 265712054.000000, 281633284.000000, 272160150.000000, 212805684.000000, 264479850.000000, 313415901.000000, 264937866.000000, 2106331923.000000
295.180229, 234008344.000000, 266902431.000000, 286190496.000000, 273532166.000000, 214025018.000000, 265437390.000000, 315115028.000000, 266026106.000000, 2121236979.000000
297.219087, 236369576.000000, 268081114.000000, 290995974.000000, 275335687.000000, 215622018.000000, 266710954.000000, 317188043.000000, 266979688.000000, 2137283054.000000
299.262631, 237459810.000000, 268804276.000000, 296025696.000000, 277477414.000000, 217496438.000000, 268270612.000000, 319547048.000000, 267735604.000000, 2152816898.000000
301.310662, 238911200.000000, 269861074.000000, 301047916.000000, 279867528.000000, 219637880.000000, 270158856.000000, 322234889.000000, 268863862.000000, 2170583205.000000
303.364318, 240647838.000000, 271221778.000000, 305068880.000000, 282323325.000000, 222048790.000000, 272366600.000000, 324934157.000000, 270311488.000000, 2188922856.000000
305.422434, 242666520.000000, 271980786.000000, 307947384.000000, 284766252.000000, 224696792.000000, 274789940.000000, 327631213.000000, 271948916.000000, 2206427803.000000
307.487152, 245035054.000000, 271980786.000000, 311117916.000000, 287338025.000000, 227399785.000000, 277291472.000000, 330276383.000000, 274007900.000000, 2224447321.000000
309.560445, 247710546.000000, 271980786.000000, 314617932.000000, 289064182.000000, 230047600.000000, 279773124.000000, 331675426.000000, 276292696.000000, 2241162292.000000
311.642295, 250432467.000000, 271980786.000000, 318476333.000000, 290515550.000000, 232752952.000000, 282305443.000000, 332734446.000000, 278690086.000000, 2257888063.000000
313.729540, 253246656.000000, 271980786.000000, 322758660.000000, 292344228.000000, 234248950.000000, 283729026.000000, 334165378.000000, 281132378.000000, 2273606062.000000
315.823475, 255939164.000000, 271980786.000000, 327314880.000000, 294522736.000000, 235146756.000000, 284865750.000000, 336037982.000000, 283661601.000000, 2289469655.000000
317.922917, 257649666.000000, 271980786.000000, 332424292.000000, 297083482.000000, 235146756.000000, 286461786.000000, 338296736.000000, 286046266.000000, 2305089770.000000
320.024301, 259030282.000000, 271980786.000000, 337517534.000000, 299165810.000000, 235835024.000000, 288331176.000000, 340209660.000000, 287613904.000000, 2319684176.000000
322.127870, 262110901.000000, 272515460.000000, 342031176.000000, 299455680.000000, 239473470.000000, 289839116.000000, 342015689.000000, 288224694.000000, 2335666186.000000
324.236210, 264200334.000000, 275172926.000000, 344650954.000000, 299455680.000000, 242922231.000000, 291696436.000000, 343718920.000000, 288224694.000000, 2350042175.000000
326.346969, 265633752.000000, 278152730.000000, 346864626.000000, 299455680.000000, 244610332.000000, 292668416.000000, 344806292.000000, 288224694.000000, 2360416522.000000
328.460994, 267596842.000000, 280016884.000000, 346864626.000000, 299455680.000000, 246241779.000000, 292668416.000000, 345050652.000000, 288224694.000000, 2366119573.000000
330.578618, 270155112.000000, 281820590.000000, 346864626.000000, 299455680.000000, 248477660.000000, 292668416.000000, 345050652.000000, 288224694.000000, 2372717430.000000
332.699372, 272553350.000000, 284170082.000000, 346864626.000000, 300354060.000000, 250998518.000000, 292668416.000000, 345050652.000000, 290275022.000000, 2382934726.000000
334.824676, 274600148.000000, 286300644.000000, 347241366.000000, 303667916.000000, 252959934.000000, 292668416.000000, 347435692.000000, 293494700.000000, 2398368816.000000
336.956375, 276379268.000000, 288163528.000000, 352433126.000000, 306512373.000000, 255449531.000000, 292668416.000000, 350893006.000000, 296047342.000000, 2418546590.000000
339.096923, 277407564.000000, 290027752.000000, 357546764.000000, 307978166.000000, 256969898.000000, 292668416.000000, 353350920.000000, 297234318.000000, 2433183798.000000
341.245945, 278459384.000000, 290857518.000000, 358869694.000000, 309154752.000000, 258330872.000000, 294833222.000000, 354503700.000000, 298359510.000000, 2443368652.000000
343.398989, 279605249.000000, 292042536.000000, 362023376.000000, 310218120.000000, 259496075.000000, 297894716.000000, 356071476.000000, 299541550.000000, 2456893098.000000
345.559768, 280641199.000000, 293340672.000000, 363861618.000000, 311433282.000000, 260672730.000000, 299369470.000000, 358076342.000000, 299714888.000000, 2467110201.000000
347.724403, 281985324.000000, 293340672.000000, 365228376.000000, 312631604.000000, 262010952.000000, 300864756.000000, 360555348.000000, 302036186.000000, 2478653218.000000
349.893094, 283704146.000000, 293340672.000000, 366962700.000000, 314197628.000000, 263727101.000000, 302761670.000000, 363451226.000000, 307371404.000000, 2495516547.000000
352.066864, 284940458.000000, 295980750.000000, 368857158.000000, 315894646.000000, 265536432.000000, 304157446.000000, 366607798.000000, 312718214.000000, 2514692902.000000
354.245127, 286210702.000000, 298907780.000000, 370121542.000000, 317939390.000000, 267688710.000000, 305229872.000000, 370012880.000000, 317610286.000000, 2533721162.000000
356.432373, 286887866.000000, 300698454.000000, 370727224.000000, 320344906.000000, 270120694.000000, 305973710.000000, 373767956.000000, 320561028.000000, 2549081838.000000
358.627613, 287859946.000000, 302798892.000000, 373531032.000000, 321675974.000000, 271465738.000000, 307023142.000000, 377797324.000000, 323847654.000000, 2565999702.000000
360.828458, 289162452.000000, 305221960.000000, 375615684.000000, 323109058.000000, 272589232.000000, 308410912.000000, 382150201.000000, 325534426.000000, 2581793925.000000
363.033433, 290612168.000000, 307655497.000000, 376934800.000000, 324024574.000000, 273615996.000000, 309976676.000000, 387009882.000000, 325534426.000000, 2595364019.000000
365.246307, 292120623.000000, 309884454.000000, 378590992.000000, 325248978.000000, 274987840.000000, 311865456.000000, 389918044.000000, 328077414.000000, 2610693801.000000
367.465270, 292918722.000000, 311965218.000000, 380518570.000000, 326791332.000000, 276664208.000000, 313079294.000000, 392577116.000000, 330843562.000000, 2625358022.000000
369.691385, 292918722.000000, 317356940.000000, 382521208.000000, 328465502.000000, 278439524.000000, 314160118.000000, 394725306.000000, 332821278.000000, 2641408598.000000
371.923291, 292918722.000000, 322784894.000000, 384963498.000000, 330567810.000000, 279415068.000000, 315706520.000000, 396192354.000000, 334257162.000000, 2656806028.000000
374.160470, 292918722.000000, 328075310.000000, 387915898.000000, 333174138.000000, 279415068.000000, 317702628.000000, 398130762.000000, 335615388.000000, 2672947914.000000
376.404386, 293321544.000000, 328425968.000000, 390680004.000000, 335599010.000000, 279415068.000000, 319340468.000000, 398804324.000000, 339503048.000000, 2685089434.000000
378.653085, 298852370.000000, 331011562.000000, 392474715.000000, 336823518.000000, 279415068.000000, 321477765.000000, 398804324.000000, 342968896.000000, 2701828218.000000
380.904299, 304352774.000000, 332549356.000000, 393779838.000000, 337717890.000000, 281905892.000000, 323217938.000000, 398804324.000000, 344688250.000000, 2717016262.000000
383.164141, 309887954.000000, 334118676.000000, 395229758.000000, 338818582.000000, 287436718.000000, 324771120.000000, 398804324.000000, 346259816.000000, 2735326948.000000
385.430834, 315482536.000000, 336062009.000000, 397081658.000000, 340285284.000000, 293025518.000000, 326720342.000000, 398804324.000000, 348176038.000000, 2755637709.000000
387.709380, 321024968.000000, 338134515.000000, 399015508.000000, 341921866.000000, 298598372.000000, 328418460.000000, 400689466.000000, 349850266.000000, 2777653421.000000
389.992878, 324533908.000000, 340163742.000000, 401029338.000000, 343597204.000000, 302016534.000000, 329618315.000000, 404110740.000000, 350895468.000000, 2795965249.000000
392.284440, 326529752.000000, 341775044.000000, 402633752.000000, 345191175.000000, 304006378.000000, 330518722.000000, 406532734.000000, 350895468.000000, 2808083025.000000
394.581624, 328780806.000000, 342589364.000000, 403428131.000000, 345848632.000000, 304006378.000000, 331786948.000000, 410034358.000000, 351988014.000000, 2818462631.000000
396.885845, 330622516.000000, 343481182.000000, 404334624.000000, 346525800.000000, 305672728.000000, 333399544.000000, 412329476.000000, 355833660.000000, 2832199530.000000
399.196457, 332838534.000000, 344603514.000000, 405486758.000000, 346581656.000000, 311325270.000000, 335485672.000000, 414517036.000000, 359151882.000000, 2849990322.000000
401.511475, 333761638.000000, 346123448.000000, 407028657.000000, 346581656.000000, 317058970.000000, 337955494.000000, 417139030.000000, 360427666.000000, 2866076559.000000
403.829801, 335088386.000000, 347778200.000000, 408693098.000000, 346581656.000000, 322723104.000000, 340919774.000000, 419661974.000000, 362242514.000000, 2883688706.000000
406.154016, 336458266.000000, 348177264.000000, 410734767.000000, 346581656.000000, 328423470.000000, 344316944.000000, 423046652.000000, 364473392.000000, 2902212411.000000
408.481907, 336458266.000000, 348177264.000000, 412556717.000000, 346581656.000000, 334225266.000000, 348310054.000000, 427110519.000000, 367348268.000000, 2920768010.000000
410.814974, 336458266.000000, 349598726.000000, 415506676.000000, 346581656.000000, 339899550.000000, 351957565.000000, 428647718.000000, 370848562.000000, 2939498719.000000
413.155673, 336458266.000000, 352605408.000000, 417881927.000000, 348536350.000000, 344633550.000000, 354677859.000000, 429546098.000000, 374271972.000000, 2958611430.000000
415.502495, 340979146.000000, 355243216.000000, 420012332.000000, 352266076.000000, 344633550.000000, 357492890.000000, 432994704.000000, 376721220.000000, 2980343134.000000
417.854143, 345106008.000000, 356491312.000000, 421843974.000000, 354771436.000000, 344633550.000000, 358306266.000000, 435826072.000000, 379580492.000000, 2996559110.000000
420.218836, 346562246.000000, 357626863.000000, 422740138.000000, 355937428.000000, 348312554.000000, 359051462.000000, 437066584.000000, 380460430.000000, 3007757705.000000
422.586038, 350281406.000000, 359062946.000000, 423754384.000000, 357149038.000000, 350962016.000000, 359918622.000000, 438676076.000000, 381455090.000000, 3021259578.000000
424.961055, 352076196.000000, 360136682.000000, 424726734.000000, 358249846.000000, 352293054.000000, 360315898.000000, 440772898.000000, 382827506.000000, 3031398814.000000
427.339834, 353730896.000000, 361799426.000000, 426032660.000000, 358453416.000000, 354200346.000000, 360315898.000000, 443391616.000000, 384737426.000000, 3042661684.000000
429.722877, 355967216.000000, 364059706.000000, 427956834.000000, 358969260.000000, 356663906.000000, 360315898.000000, 446305698.000000, 386998436.000000, 3057236954.000000
432.110669, 358682020.000000, 366863408.000000, 430353224.000000, 361873056.000000, 359641392.000000, 360315898.000000, 448148806.000000, 388249984.000000, 3074127788.000000
434.504163, 361790310.000000, 369763309.000000, 433169094.000000, 363925100.000000, 362652264.000000, 360315898.000000, 449853298.000000, 389346392.000000, 3090815665.000000
436.902133, 364856162.000000, 372704653.000000, 436161645.000000, 365501342.000000, 365736392.000000, 360315898.000000, 451081976.000000, 390647014.000000, 3107005082.000000
439.302562, 368255502.000000, 375474446.000000, 438619978.000000, 367538038.000000, 368342168.000000, 360315898.000000, 452833790.000000, 392361962.000000, 3123741782.000000
441.704710, 374148592.000000, 375474446.000000, 440282524.000000, 369700762.000000, 369531346.000000, 360315898.000000, 454724806.000000, 394271030.000000, 3138449404.000000
444.111738, 380121370.000000, 375474446.000000, 441913785.000000, 372073718.000000, 371199230.000000, 364480324.000000, 456476064.000000, 396231862.000000, 3157970799.000000
446.525031, 385943452.000000, 375868574.000000, 443564198.000000, 373548898.000000, 373368626.000000, 368765010.000000, 457399344.000000, 397541208.000000, 3175999310.000000
448.944838, 391984326.000000, 379523424.000000, 444752808.000000, 374537882.000000, 375894604.000000, 371306244.000000, 458001322.000000, 398394244.000000, 3194394854.000000
451.373600, 397886110.000000, 381600770.000000, 445887100.000000, 375553850.000000, 378825954.000000, 372779494.000000, 458662716.000000, 399335780.000000, 3210531774.000000
453.807899, 401991244.000000, 383140744.000000, 447485762.000000, 376829870.000000, 379393584.000000, 374739272.000000, 459647172.000000, 400642402.000000, 3223870050.000000
456.246403, 401991244.000000, 384892890.000000, 449610090.000000, 378317142.000000, 383224740.000000, 377211684.000000, 460880952.000000, 402183054.000000, 3238311796.000000
458.693376, 406974348.000000, 386751000.000000, 450809220.000000, 379432864.000000, 389077244.000000, 380124929.000000, 462016072.000000, 403693950.000000, 3258879627.000000
461.146812, 413070284.000000, 387438652.000000, 450809220.000000, 380302064.000000, 395200718.000000, 383540144.000000, 463172670.000000, 404867082.000000, 3278400834.000000
463.608161, 419034368.000000, 389758494.000000, 450809220.000000, 380826510.000000, 401257538.000000, 386409132.000000, 464164840.000000, 406597708.000000, 3298857810.000000
466.075251, 425147706.000000, 393336082.000000, 450809220.000000, 380826510.000000, 407382468.000000, 388980298.000000, 464164840.000000, 408971604.000000, 3319618728.000000
468.546728, 431253792.000000, 395697956.000000, 450809220.000000, 383275320.000000, 413511724.000000, 390821812.000000, 464164840.000000, 411365055.000000, 3340899719.000000
471.024981, 437330898.000000, 397487680.000000, 450809220.000000, 387258866.000000, 419542476.000000, 392439848.000000, 464164840.000000, 413566690.000000, 3362600518.000000
473.507339, 443487692.000000, 399816844.000000, 450809220.000000, 389564906.000000, 423479402.000000, 394602592.000000, 466406436.000000, 415317928.000000, 3383485020.000000
475.994118, 449608268.000000, 402717712.000000, 450809220.000000, 390392970.000000, 426342745.000000, 397249030.000000, 469751625.000000, 416710712.000000, 3403582282.000000
478.495520, 453784300.000000, 405827586.000000, 450809220.000000, 392275214.000000, 428448689.000000, 400229187.000000, 471787396.000000, 418511912.000000, 3421673504.000000
481.007701, 456768117.000000, 407925578.000000, 453181226.000000, 395570240.000000, 430029106.000000, 402032172.000000, 473399458.000000, 419466622.000000, 3438372519.000000
483.529837, 458956080.000000, 409132059.000000, 455980400.000000, 397467630.000000, 432264496.000000, 403846596.000000, 475661368.000000, 419466622.000000, 3452775251.000000
486.055875, 460691387.000000, 410010348.000000, 456820434.000000, 399174662.000000, 434323278.000000, 404989318.000000, 477804664.000000, 419466622.000000, 3463280713.000000
488.587701, 462369798.000000, 411431462.000000, 461464472.000000, 402346446.000000, 435891360.000000, 406691758.000000, 479397302.000000, 419466622.000000, 3479059220.000000
491.124617, 464371100.000000, 413483982.000000, 465848287.000000, 404059940.000000, 437091800.000000, 409046380.000000, 480576380.000000, 419466622.000000, 3493944491.000000
493.666263, 465653424.000000, 416180990.000000, 467612576.000000, 406065994.000000, 438763178.000000, 412037020.000000, 482225172.000000, 419466622.000000, 3508004976.000000
496.216079, 467085696.000000, 418206172.000000, 469620890.000000, 408400002.000000, 440768572.000000, 414350682.000000, 484261935.000000, 419466622.000000, 3522160571.000000
498.769570, 469025394.000000, 419594602.000000, 472533726.000000, 410763650.000000, 442847227.000000, 416495970.000000, 486271275.000000, 422634136.000000, 3540165980.000000
501.330945, 471393510.000000, 420742224.000000, 473956036.000000, 411595474.000000, 444145638.000000, 417610972.000000, 487361536.000000, 428892360.000000, 3555697750.000000
503.897756, 472062586.000000, 422384619.000000, 475365034.000000, 413060406.000000, 445645177.000000, 419267196.000000, 488471835.000000, 435236082.000000, 3571492935.000000
506.470271, 472062586.000000, 424439708.000000, 479565678.000000, 415224040.000000, 447744514.000000, 421404989.000000, 490122678.000000, 441536334.000000, 3592100527.000000
509.048405, 472062586.000000, 425887460.000000, 485844202.000000, 418763343.000000, 449443210.000000, 422854642.000000, 491632012.000000, 448014820.000000, 3614502275.000000
511.634030, 472062586.000000, 427091518.000000, 492116916.000000, 420796174.000000, 451753306.000000, 424080088.000000, 493600096.000000, 454306364.000000, 3635807048.000000
514.223985, 474854802.000000, 428185296.000000, 498489618.000000, 422250970.000000, 453943743.000000, 425224606.000000, 495540538.000000, 457768032.000000, 3656257605.000000
516.819945, 478341550.000000, 429832060.000000, 499592424.000000, 425430452.000000, 455898052.000000, 426994596.000000, 496972698.000000, 460836896.000000, 3673898728.000000
519.421374, 479746692.000000, 430748922.000000, 502057166.000000, 427087272.000000, 457483596.000000, 429322314.000000, 498063552.000000, 462066742.000000, 3686576256.000000
522.024468, 481151316.000000, 430748922.000000, 508400888.000000, 428969792.000000, 459447600.000000, 432272019.000000, 499621780.000000, 463552158.000000, 3704164475.000000
524.632881, 483200298.000000, 430748922.000000, 514828652.000000, 431204882.000000, 461720592.000000, 433190912.000000, 501571913.000000, 465754178.000000, 3722220349.000000
527.245582, 485942456.000000, 430748922.000000, 521270906.000000, 433771160.000000, 464009456.000000, 433190912.000000, 503225642.000000, 468655676.000000, 3740815130.000000
529.859853, 489082760.000000, 432477572.000000, 527697214.000000, 435326184.000000, 464009456.000000, 433190912.000000, 503225642.000000, 471947884.000000, 3756957624.000000
532.476750, 492294886.000000, 438879254.000000, 534185836.000000, 437626116.000000, 464009456.000000, 433190912.000000, 503225642.000000, 475295689.000000, 3778707791.000000
535.097040, 495490576.000000, 445295426.000000, 540625206.000000, 440782084.000000, 464009456.000000, 433190912.000000, 503225642.000000, 478151926.000000, 3800771228.000000
537.719775, 496030980.000000, 451810130.000000, 547115270.000000, 444690398.000000, 464009456.000000, 433190912.000000, 503783500.000000, 479660066.000000, 3820290712.000000
540.350648, 496426550.000000, 455874692.000000, 553098198.000000, 447731546.000000, 464009456.000000, 436206274.000000, 508841966.000000, 481171916.000000, 3843360598.000000
542.987558, 499611452.000000, 458401748.000000, 556406258.000000, 450748392.000000, 464009456.000000, 439604014.000000, 513438572.000000, 483046277.000000, 3865266169.000000
545.635742, 502581596.000000, 464668666.000000, 558861970.000000, 451231410.000000, 469001254.000000, 440748724.000000, 515120660.000000, 484024164.000000, 3886238444.000000
548.290482, 503671045.000000, 471286242.000000, 559613388.000000, 451231410.000000, 475584054.000000, 445522376.000000, 516928218.000000, 485299142.000000, 3909135875.000000
550.948667, 504711018.000000, 476609882.000000, 560377272.000000, 452503632.000000, 482158174.000000, 447818874.000000, 519272916.000000, 487232310.000000, 3930684078.000000
553.610284, 506162586.000000, 479819410.000000, 561537492.000000, 455923272.000000, 486521818.000000, 450398880.000000, 521099054.000000, 489634070.000000, 3951096582.000000
556.273709, 508076686.000000, 482545276.000000, 563169245.000000, 458563562.000000, 490633212.000000, 453508836.000000, 521099054.000000, 492588048.000000, 3970183919.000000
558.939253, 508913390.000000, 484291062.000000, 565338410.000000, 460301775.000000, 495405958.000000, 457182592.000000, 522791486.000000, 495705250.000000, 3989929923.000000
561.613515, 508913390.000000, 486541108.000000, 567921946.000000, 462582436.000000, 500717532.000000, 461273592.000000, 527038498.000000, 498120072.000000, 4013108574.000000
564.297928, 511052114.000000, 486968514.000000, 570568575.000000, 465261902.000000, 504807122.000000, 465294526.000000, 529684002.000000, 499826533.000000, 4033463288.000000
566.985169, 515687177.000000, 486968514.000000, 573587660.000000, 468609694.000000, 506739784.000000, 468909706.000000, 530669890.000000, 501443646.000000, 4052616071.000000
569.683704, 519109462.000000, 490447556.000000, 575251070.000000, 471060969.000000, 506739784.000000, 470116112.000000, 534908208.000000, 503211647.000000, 4070844808.000000
572.388767, 521416856.000000, 495335026.000000, 577360278.000000, 472888082.000000, 509204526.000000, 471429922.000000, 538311534.000000, 505017962.000000, 4090964186.000000
575.100419, 522662200.000000, 498283416.000000, 580088768.000000, 472888082.000000, 514719420.000000, 472983630.000000, 539962830.000000, 506428106.000000, 4108016452.000000
577.815238, 527135256.000000, 499871435.000000, 583465488.000000, 474522554.000000, 521529720.000000, 472983630.000000, 541656144.000000, 506846194.000000, 4128010421.000000
580.539091, 531952832.000000, 501588774.000000, 587499780.000000, 479554924.000000, 526573806.000000, 472983630.000000, 543659692.000000, 506846194.000000, 4150659632.000000
583.273336, 534292408.000000, 501874794.000000, 591388676.000000, 485513522.000000, 533272526.000000, 474613748.000000, 545342994.000000, 506846194.000000, 4173144862.000000
586.011860, 535043990.000000, 504951014.000000, 594221652.000000, 487134120.000000, 539949518.000000, 478465190.000000, 546919123.000000, 506846194.000000, 4193530801.000000
588.758209, 537939078.000000, 510048596.000000, 596776132.000000, 493912528.000000, 541863764.000000, 480370980.000000, 548634184.000000, 506846194.000000, 4216391456.000000
591.509614, 544627662.000000, 513141792.000000, 597999756.000000, 500695304.000000, 543663408.000000, 485962664.000000, 549789752.000000, 506846194.000000, 4242726532.000000
594.266986, 551506072.000000, 514254596.000000, 599561438.000000, 507488216.000000, 548586918.000000, 491286122.000000, 550662358.000000, 506846194.000000, 4270191914.000000
597.032203, 558088872.000000, 514752596.000000, 601053385.000000, 513045138.000000, 551469648.000000, 493647666.000000, 551569022.000000, 507986550.000000, 4291612877.000000
599.798922, 563654488.000000, 516004532.000000, 602654096.000000, 516516928.000000, 553069642.000000, 494973494.000000, 551569022.000000, 511385904.000000, 4309828106.000000
602.569230, 567013270.000000, 519540092.000000, 604316246.000000, 518641348.000000, 557357226.000000, 500233364.000000, 551569022.000000, 514228394.000000, 4332898962.000000
605.347813, 568635250.000000, 522281747.000000, 606564678.000000, 519955394.000000, 564129852.000000, 504490030.000000, 551569022.000000, 516141774.000000, 4353767747.000000
608.130038, 568635250.000000, 523595612.000000, 608150188.000000, 521524197.000000, 571031446.000000, 506147500.000000, 553501988.000000, 518246464.000000, 4370832645.000000
610.918997, 571417316.000000, 525228736.000000, 610263110.000000, 522855152.000000, 577821460.000000, 508321524.000000, 557218520.000000, 520002638.000000, 4393128456.000000
613.710722, 577890006.000000, 525736206.000000, 612839912.000000, 523579448.000000, 580575700.000000, 511078098.000000, 558322680.000000, 520836304.000000, 4410858354.000000
616.504617, 584801736.000000, 526665008.000000, 615545574.000000, 524846194.000000, 583281392.000000, 513964070.000000, 559528910.000000, 522082904.000000, 4430715788.000000
619.303845, 591745344.000000, 529957588.000000, 617283912.000000, 526710494.000000, 586673308.000000, 515895311.000000, 559528910.000000, 523977828.000000, 4451772695.000000
622.106443, 594100086.000000, 531853312.000000, 618583594.000000, 529255116.000000, 589476596.000000, 517346432.000000, 563115178.000000, 526459300.000000, 4470189614.000000
624.912120, 596896656.000000, 533945624.000000, 620216416.000000, 531209114.000000, 592287676.000000, 518893374.000000, 567274976.000000, 528436986.000000, 4489160822.000000
627.728332, 599510524.000000, 536578818.000000, 622363086.000000, 532842500.000000, 593238146.000000, 520981638.000000, 568450826.000000, 530422810.000000, 4504388348.000000
630.550901, 601274884.000000, 539227254.000000, 624588975.000000, 534087840.000000, 594614966.000000, 523201492.000000, 570066782.000000, 532201322.000000, 4519263515.000000
633.379650, 602645108.000000, 541244020.000000, 626475840.000000, 535931598.000000, 596635682.000000, 525357654.000000, 572306362.000000, 534582830.000000, 4535179094.000000
636.211251, 609527858.000000, 543033618.000000, 626631682.000000, 538385178.000000, 599268586.000000, 526963560.000000, 575148350.000000, 537580982.000000, 4556539814.000000
639.045967, 616623618.000000, 545498544.000000, 626631682.000000, 541509936.000000, 602582324.000000, 529314064.000000, 578698562.000000, 541316882.000000, 4582175612.000000
641.883739, 623507810.000000, 548658240.000000, 626631682.000000, 545306300.000000, 604956024.000000, 532250368.000000, 582813912.000000, 541897420.000000, 4606021756.000000
644.722994, 630587624.000000, 552293406.000000, 626631682.000000, 549979728.000000, 604956024.000000, 535692456.000000, 587924339.000000, 541897420.000000, 4629962679.000000
647.567504, 637473272.000000, 555889198.000000, 626631682.000000, 555511332.000000, 604993698.000000, 539047656.000000, 593941076.000000, 541897420.000000, 4655385334.000000
650.414855, 644558882.000000, 557954624.000000, 626631682.000000, 561725289.000000, 608539944.000000, 540610374.000000, 597664474.000000, 545248950.000000, 4682934219.000000
653.266332, 651463360.000000, 559472360.000000, 626631682.000000, 568511076.000000, 609869824.000000, 541089380.000000, 601235377.000000, 548752931.000000, 4707025990.000000
656.122712, 658625774.000000, 561796544.000000, 626631682.000000, 575598128.000000, 611590432.000000, 541089380.000000, 603082678.000000, 550567486.000000, 4728982104.000000
658.981266, 665627342.000000, 564937858.000000, 627305460.000000, 581850570.000000, 614143816.000000, 541089380.000000, 605718168.000000, 553085746.000000, 4753758340.000000
661.842535, 670039376.000000, 568643681.000000, 631032288.000000, 585215148.000000, 617229180.000000, 541089380.000000, 608979936.000000, 556234304.000000, 4778463293.000000
664.710846, 672860354.000000, 572553060.000000, 633915794.000000, 587719630.000000, 620524370.000000, 545162512.000000, 612608782.000000, 559763042.000000, 4805107544.000000
667.582731, 675615640.000000, 576481088.000000, 634992118.000000, 588921274.000000, 623791462.000000, 549104720.000000, 616238918.000000, 563271346.000000, 4828416566.000000
670.461534, 676859430.000000, 581397403.000000, 636682110.000000, 590705836.000000, 625027078.000000, 550566446.000000, 619880722.000000, 566784858.000000, 4847903883.000000
673.345735, 678673722.000000, 583756511.000000, 638167710.000000, 593076872.000000, 626460132.000000, 554978644.000000, 622038121.000000, 568870406.000000, 4866022118.000000
676.236538, 681244128.000000, 586307772.000000, 638167710.000000, 596197498.000000, 631632456.000000, 558914568.000000, 623061524.000000, 569903996.000000, 4885429652.000000
679.130743, 684451742.000000, 587567074.000000, 642113330.000000, 598836204.000000, 634602938.000000, 560594936.000000, 624011310.000000, 570792334.000000, 4902969868.000000
682.029398, 688325040.000000, 587745810.000000, 646528816.000000, 601561834.000000, 637532824.000000, 562931934.000000, 625443048.000000, 572176444.000000, 4922245750.000000
684.935150, 692916656.000000, 587745810.000000, 648229592.000000, 602879936.000000, 640868740.000000, 565474928.000000, 627423752.000000, 574119528.000000, 4939658942.000000
687.847417, 697220556.000000, 587745810.000000, 650709556.000000, 604950582.000000, 643914102.000000, 567423826.000000, 629509232.000000, 576244693.000000, 4957718357.000000
690.767390, 699239354.000000, 589123802.000000, 653835384.000000, 607734132.000000, 645635030.000000, 572716918.000000, 630880618.000000, 577607716.000000, 4976772954.000000
693.689584, 699239354.000000, 593233436.000000, 655474530.000000, 610639940.000000, 646923922.000000, 575375816.000000, 632165122.000000, 578768016.000000, 4991820136.000000
696.619434, 699239354.000000, 598629129.000000, 658686956.000000, 612551176.000000, 648548856.000000, 577238546.000000, 633527084.000000, 580124036.000000, 5008545137.000000
699.555943, 703609538.000000, 601918988.000000, 664030868.000000, 612551176.000000, 648645056.000000, 579237292.000000, 635608410.000000, 582258010.000000, 5027859338.000000
702.498122, 710827000.000000, 605251536.000000, 666951994.000000, 612551176.000000, 649218860.000000, 580689524.000000, 638365574.000000, 585007398.000000, 5048863062.000000
705.442414, 718100980.000000, 608984976.000000, 668332360.000000, 612551176.000000, 652905767.000000, 582229930.000000, 640242889.000000, 586810056.000000, 5070158134.000000
708.387896, 725317000.000000, 611902415.000000, 672783688.000000, 612551176.000000, 655015444.000000, 582229930.000000, 641729504.000000, 588283832.000000, 5089812989.000000
711.337375, 732599674.000000, 613901794.000000, 675881680.000000, 612551176.000000, 656226364.000000, 584697570.000000, 643745156.000000, 590312576.000000, 5109915990.000000
714.297233, 737265454.000000, 615766594.000000, 677927564.000000, 612551176.000000, 658917150.000000, 591903454.000000, 646374270.000000, 593058562.000000, 5133764224.000000
717.263111, 740828986.000000, 618403134.000000, 680703015.000000, 612551176.000000, 662812198.000000, 599225244.000000, 649778798.000000, 595884768.000000, 5160187319.000000
720.239201, 742095470.000000, 621688684.000000, 683905400.000000, 615307174.000000, 663791252.000000, 606465890.000000, 652996074.000000, 595884768.000000, 5182134712.000000
723.223580, 743889368.000000, 624642262.000000, 683905400.000000, 619458434.000000, 667374622.000000, 613816674.000000, 656258402.000000, 595884768.000000, 5205229930.000000
726.211877, 746496707.000000, 627847850.000000, 686478824.000000, 621624520.000000, 671549562.000000, 618601272.000000, 658168678.000000, 595884768.000000, 5226652181.000000
729.208062, 749962366.000000, 629427494.000000, 690386354.000000, 624087038.000000, 673369772.000000, 622182678.000000, 660114110.000000, 595884768.000000, 5245414580.000000
732.210173, 753585161.000000, 631571144.000000, 692140992.000000, 627305216.000000, 675889006.000000, 623508904.000000, 660791382.000000, 597804686.000000, 5262596491.000000
735.216615, 756450884.000000, 634596626.000000, 694638432.000000, 631290134.000000, 679223600.000000, 624553326.000000, 660791382.000000, 602458770.000000, 5284003154.000000
738.228494, 758286822.000000, 638098202.000000, 698057132.000000, 635119790.000000, 683054078.000000, 624553326.000000, 660791382.000000, 606150482.000000, 5304111214.000000
741.243079, 758286822.000000, 640559152.000000, 702279970.000000, 637899910.000000, 685981810.000000, 626707872.000000, 660791382.000000, 610897250.000000, 5323404168.000000
744.258528, 758286822.000000, 642374626.000000, 707061250.000000, 638799732.000000, 688334726.000000, 628983840.000000, 660791382.000000, 613175994.000000, 5337808372.000000
747.280714, 761457234.000000, 644418508.000000, 710279510.000000, 643087330.000000, 690243456.000000, 631422242.000000, 660791382.000000, 615777302.000000, 5357476964.000000
750.306219, 768848576.000000, 646907686.000000, 712644954.000000, 645932610.000000, 692301166.000000, 634292156.000000, 661066692.000000, 619041408.000000, 5381035248.000000
753.334236, 776273252.000000, 649738842.000000, 714650542.000000, 648004800.000000, 692301166.000000, 635484382.000000, 665954162.000000, 621607680.000000, 5404014826.000000
756.369697, 780001646.000000, 651842086.000000, 717390150.000000, 650835708.000000, 692301166.000000, 640905098.000000, 669302396.000000, 624477836.000000, 5427056086.000000
759.412206, 780001646.000000, 653994948.000000, 719213308.000000, 652794644.000000, 695958442.000000, 645733166.000000, 671036018.000000, 626576004.000000, 5445308176.000000
762.457223, 784677562.000000, 654218704.000000, 720673365.000000, 654324438.000000, 698381058.000000, 653112916.000000, 671036018.000000, 628764222.000000, 5465188283.000000
765.505813, 789922948.000000, 654218704.000000, 722487100.000000, 656100181.000000, 700527234.000000, 660781024.000000, 676417604.000000, 631183678.000000, 5491638473.000000
768.561096, 791808154.000000, 654218704.000000, 724892512.000000, 658474160.000000, 703194343.000000, 668281048.000000, 683801708.000000, 632426768.000000, 5517097397.000000
771.622074, 794205478.000000, 654218704.000000, 728345214.000000, 660700122.000000, 704451024.000000, 675788310.000000, 691329256.000000, 634370662.000000, 5543408770.000000
774.703221, 796490502.000000, 654218704.000000, 730952867.000000, 660700122.000000, 709471802.000000, 682445030.000000, 698979976.000000, 637174454.000000, 5570433457.000000
777.791316, 800350638.000000, 658213590.000000, 733227732.000000, 660700122.000000, 712793392.000000, 686203022.000000, 702156294.000000, 639833632.000000, 5593478422.000000
780.882495, 803194320.000000, 662511970.000000, 733875970.000000, 663263396.000000, 714622606.000000, 688620206.000000, 709672264.000000, 642572348.000000, 5618333080.000000
783.977752, 805493930.000000, 663680106.000000, 733875970.000000, 669007232.000000, 716624658.000000, 689336534.000000, 717249078.000000, 643994716.000000, 5639262224.000000
787.075877, 807942308.000000, 667840178.000000, 733875970.000000, 673388852.000000, 716641054.000000, 689336534.000000, 724947608.000000, 646360870.000000, 5660333374.000000
790.180387, 810672190.000000, 672139466.000000, 733875970.000000, 676630390.000000, 718975496.000000, 689555326.000000, 731246418.000000, 649536224.000000, 5682631480.000000
793.292009, 812703490.000000, 674011418.000000, 733875970.000000, 679220800.000000, 722950117.000000, 694738392.000000, 735043380.000000, 653407624.000000, 5705951191.000000
796.410011, 814710982.000000, 675905890.000000, 736795698.000000, 681824556.000000, 725463554.000000, 698011594.000000, 737484665.000000, 653407624.000000, 5723604563.000000
799.537526, 816823366.000000, 677608674.000000, 739844608.000000, 683602048.000000, 727980796.000000, 700282456.000000, 740066106.000000, 653407624.000000, 5739615678.000000
802.665919, 819040900.000000, 679228356.000000, 742123676.000000, 686368108.000000, 731536368.000000, 703559370.000000, 740791820.000000, 653407624.000000, 5756056222.000000
805.797837, 821811096.000000, 681456415.000000, 744880000.000000, 689970762.000000, 736121204.000000, 707639116.000000, 740791820.000000, 653407624.000000, 5776078037.000000
808.936270, 824610560.000000, 683556310.000000, 747160410.000000, 693670086.000000, 741539152.000000, 711756144.000000, 748144032.000000, 653407624.000000, 5803844318.000000
812.077164, 826416094.000000, 685213792.000000, 749077930.000000, 696807444.000000, 745819888.000000, 715749176.000000, 755890400.000000, 656395462.000000, 5831370186.000000
815.223836, 828865489.000000, 687478448.000000, 751688626.000000, 697873292.000000, 748321870.000000, 717196472.000000, 760947520.000000, 661170420.000000, 5853542137.000000
818.375914, 831485432.000000, 689935182.000000, 754383952.000000, 699169351.000000, 748321870.000000, 718829400.000000, 764751138.000000, 662976300.000000, 5869852625.000000
821.533509, 832784160.000000, 691421088.000000, 755862546.000000, 700452050.000000, 752076744.000000, 720033856.000000, 769120618.000000, 663783398.000000, 5885534460.000000
824.694162, 833883630.000000, 692747194.000000, 756853148.000000, 701611072.000000, 752698966.000000, 721428760.000000, 772066096.000000, 670196672.000000, 5901485538.000000
827.858138, 835702998.000000, 694773068.000000, 758616566.000000, 703206202.000000, 759094852.000000, 723228950.000000, 775286358.000000, 671651578.000000, 5921560572.000000
831.029385, 838199597.000000, 697504400.000000, 761075020.000000, 704273424.000000, 766968718.000000, 724585874.000000, 777374056.000000, 675184215.000000, 5945165304.000000
834.208294, 840850040.000000, 700243769.000000, 763610493.000000, 705417090.000000, 774658554.000000, 724945712.000000, 778684312.000000, 676531528.000000, 5964941498.000000
837.389809, 843087378.000000, 701988734.000000, 765876876.000000, 707503946.000000, 782610666.000000, 724945712.000000, 781006914.000000, 678580062.000000, 5985600288.000000
840.578313, 845435184.000000, 703776248.000000, 768129468.000000, 708118138.000000, 790439620.000000, 725092054.000000, 784299686.000000, 681581990.000000, 6006872388.000000
843.769249, 846973368.000000, 704155516.000000, 769815366.000000, 708118138.000000, 798300438.000000, 729472302.000000, 788360918.000000, 685301812.000000, 6030497858.000000
846.967327, 848492416.000000, 704155516.000000, 771334114.000000, 708118138.000000, 806161270.000000, 731771468.000000, 791562056.000000, 690104875.000000, 6051699853.000000
850.169208, 850767320.000000, 704155516.000000, 773542384.000000, 708118138.000000, 814017734.000000, 734459403.000000, 794756938.000000, 694878950.000000, 6074696383.000000
853.376411, 853349318.000000, 704155516.000000, 776050474.000000, 715610910.000000, 822022024.000000, 737420722.000000, 797751078.000000, 699215410.000000, 6105575452.000000
856.593743, 855770686.000000, 705881268.000000, 777994176.000000, 722193626.000000, 828044076.000000, 739331596.000000, 799095410.000000, 700860880.000000, 6129171718.000000
859.817459, 857216104.000000, 710993747.000000, 780006870.000000, 727021082.000000, 830902282.000000, 740893056.000000, 799405904.000000, 701777750.000000, 6148216795.000000
863.046173, 858786000.000000, 713509126.000000, 781957066.000000, 732695744.000000, 832571416.000000, 742530962.000000, 799405904.000000, 704185988.000000, 6165642206.000000
866.279391, 860500956.000000, 716224636.000000, 782235638.000000, 739411510.000000, 834948340.000000, 743823398.000000, 799405904.000000, 707964878.000000, 6184515260.000000
869.513854, 862649074.000000, 718423096.000000, 782235638.000000, 747093478.000000, 836968439.000000, 745624202.000000, 803015356.000000, 711418874.000000, 6207428157.000000
872.750660, 865119486.000000, 720702602.000000, 782235638.000000, 755054284.000000, 838590558.000000, 747748354.000000, 805635092.000000, 714927377.000000, 6230013391.000000
875.993741, 867446294.000000, 723174414.000000, 782235638.000000, 763032478.000000, 840373462.000000, 749289530.000000, 808032028.000000, 717696238.000000, 6251280082.000000
879.247192, 869287196.000000, 726074494.000000, 788992318.000000, 770987488.000000, 842584798.000000, 750819278.000000, 810901630.000000, 720063636.000000, 6279710838.000000
882.507375, 869287196.000000, 728787846.000000, 797064704.000000, 779061316.000000, 845221736.000000, 753183944.000000, 813733086.000000, 723314296.000000, 6309654124.000000
885.775360, 869287196.000000, 730741418.000000, 800603542.000000, 786848242.000000, 846760800.000000, 755311866.000000, 815659632.000000, 726054107.000000, 6331266803.000000
889.053208, 869287196.000000, 733424182.000000, 804681028.000000, 790932966.000000, 849062124.000000, 757599908.000000, 818433679.000000, 729922796.000000, 6353343879.000000
892.336353, 869287196.000000, 736273899.000000, 807822122.000000, 792787584.000000, 851477266.000000, 760167134.000000, 821469756.000000, 733868048.000000, 6373153005.000000
895.625099, 869287196.000000, 738536454.000000, 810477792.000000, 792787584.000000, 853170688.000000, 763580138.000000, 823847326.000000, 738685884.000000, 6390373062.000000
898.916523, 869287196.000000, 739089970.000000, 814286174.000000, 797325852.000000, 855419482.000000, 767210149.000000, 824853168.000000, 743253094.000000, 6410725085.000000
902.209896, 869287196.000000, 739089970.000000, 816301794.000000, 805375040.000000, 858740090.000000, 769408134.000000, 828325118.000000, 746837232.000000, 6433364574.000000
905.509542, 872401090.000000, 742234300.000000, 819592466.000000, 810452336.000000, 859598080.000000, 770471050.000000, 830988504.000000, 747905172.000000, 6453642998.000000
908.815719, 873990760.000000, 750312468.000000, 824585096.000000, 815577619.000000, 859598080.000000, 771849484.000000, 837480024.000000, 749080692.000000, 6482474223.000000
912.130467, 880921320.000000, 758197926.000000, 827517756.000000, 816688506.000000, 859598080.000000, 773248376.000000, 845419088.000000, 750272410.000000, 6511863462.000000
915.451599, 889056006.000000, 766502138.000000, 831223204.000000, 816849380.000000, 859598080.000000, 775502760.000000, 853752294.000000, 752347478.000000, 6544831340.000000
918.778167, 897179100.000000, 773741356.000000, 831223204.000000, 819161970.000000, 860548624.000000, 778038092.000000, 861837700.000000, 754643666.000000, 6576373712.000000
922.109849, 905473176.000000, 777606994.000000, 834938440.000000, 822673348.000000, 865024614.000000, 779649120.000000, 866384676.000000, 756118142.000000, 6607868510.000000
925.448667, 909169692.000000, 779439322.000000, 841162318.000000, 824787248.000000, 867689838.000000, 781145424.000000, 870638206.000000, 756118142.000000, 6630150190.000000
928.793495, 912628448.000000, 780188838.000000, 849491170.000000, 826866572.000000, 870327762.000000, 782888666.000000, 873065785.000000, 756118142.000000, 6651575383.000000
932.144238, 916697160.000000, 780188838.000000, 857828716.000000, 827212070.000000, 874199188.000000, 784974118.000000, 876724172.000000, 756118142.000000, 6673942404.000000
935.499569, 920624872.000000, 784502504.000000, 866154670.000000, 829815916.000000, 877567076.000000, 787316318.000000, 880520194.000000, 756118142.000000, 6702619692.000000
938.859945, 924177866.000000, 788546104.000000, 871106466.000000, 833261748.000000, 880287938.000000, 789575703.000000, 884737590.000000, 758190212.000000, 6729883627.000000
942.227000, 926706928.000000, 790681257.000000, 873970908.000000, 836639952.000000, 882036032.000000, 791040744.000000, 888447230.000000, 761555322.000000, 6751078373.000000
945.602488, 928405098.000000, 792576097.000000, 875644800.000000, 841329137.000000, 883697598.000000, 792562302.000000, 893014202.000000, 763678764.000000, 6770907998.000000
948.984413, 930939606.000000, 794426826.000000, 878201256.000000, 843769920.000000, 885379954.000000, 795003821.000000, 898402712.000000, 766689190.000000, 6792813285.000000
952.371200, 933705088.000000, 796435222.000000, 880640348.000000, 846263310.000000, 887675262.000000, 797627502.000000, 904734217.000000, 769796879.000000, 6816877828.000000
955.764460, 934834484.000000, 796435222.000000, 880640348.000000, 850141764.000000, 891023836.000000, 799746606.000000, 910606848.000000, 772229409.000000, 6835658517.000000
959.165102, 934834484.000000, 802073274.000000, 880640348.000000, 854320056.000000, 895607889.000000, 802427380.000000, 914852532.000000, 775098534.000000, 6859854497.000000
962.572901, 937099264.000000, 810387636.000000, 884739874.000000, 856630266.000000, 900082184.000000, 804446022.000000, 917144650.000000, 777283578.000000, 6887813474.000000
965.992206, 942012178.000000, 815584422.000000, 887278420.000000, 859213936.000000, 903683144.000000, 805861254.000000, 919635422.000000, 778737142.000000, 6912005918.000000
969.417646, 944289976.000000, 821239920.000000, 889946020.000000, 862885664.000000, 905510776.000000, 808027308.000000, 919635422.000000, 779337362.000000, 6930872448.000000
972.849494, 947550403.000000, 828014288.000000, 893805862.000000, 867033754.000000, 908396374.000000, 811424788.000000, 919635422.000000, 781600686.000000, 6957461577.000000
976.288582, 951755295.000000, 835675658.000000, 898202780.000000, 870478677.000000, 912268064.000000, 815481118.000000, 919635422.000000, 786755468.000000, 6990252482.000000
979.733223, 956164408.000000, 844069818.000000, 902585966.000000, 872250912.000000, 916345432.000000, 819711816.000000, 919635422.000000, 788807959.000000, 7019571733.000000
983.195388, 960163426.000000, 849313742.000000, 905476782.000000, 874747528.000000, 920237470.000000, 822308712.000000, 923011592.000000, 791443878.000000, 7046703130.000000
986.660708, 960737230.000000, 852512030.000000, 907462402.000000, 878152084.000000, 921881524.000000, 824371160.000000, 926835542.000000, 795065484.000000, 7067017456.000000
990.134952, 966376826.000000, 854242700.000000, 909580408.000000, 882334950.000000, 924510780.000000, 825247632.000000, 928377064.000000, 799417284.000000, 7090087644.000000
993.614194, 968480103.000000, 857033540.000000, 911386350.000000, 886634100.000000, 928145728.000000, 825247632.000000, 930986182.000000, 803816334.000000, 7111729969.000000
997.095456, 971572354.000000, 861001706.000000, 914349560.000000, 890432512.000000, 932842708.000000, 825247632.000000, 934674024.000000, 807520816.000000, 7137641312.000000
1000.581523, 975752740.000000, 865506468.000000, 918346868.000000, 892361490.000000, 938490130.000000, 825247632.000000, 938832050.000000, 809454354.000000, 7163991732.000000
1004.073430, 979285874.000000, 870194126.000000, 923334882.000000, 895159602.000000, 945254798.000000, 825247632.000000, 942865330.000000, 812360550.000000, 7193702794.000000
1007.575191, 983175149.000000, 872465938.000000, 929059904.000000, 897334850.000000, 952906274.000000, 825247632.000000, 944764496.000000, 814630514.000000, 7219584757.000000
1011.080551, 986011198.000000, 874999178.000000, 935874926.000000, 898957578.000000, 961505686.000000, 825247632.000000, 946182258.000000, 816335331.000000, 7245113787.000000
1014.588394, 991342024.000000, 877627916.000000, 941968141.000000, 901100068.000000, 970121440.000000, 825247632.000000, 948387636.000000, 818635940.000000, 7274430797.000000
1018.104651, 996786990.000000, 879948122.000000, 946190756.000000, 904280718.000000, 978715452.000000, 825247632.000000, 952808528.000000, 820930370.000000, 7304908568.000000
1021.628908, 998891594.000000, 881701178.000000, 948448122.000000, 908487100.000000, 983489914.000000, 829257008.000000, 955040106.000000, 820930370.000000, 7326245392.000000
1025.157797, 1002027776.000000, 884586841.000000, 951731666.000000, 913308670.000000, 986479540.000000, 832611816.000000, 956643464.000000, 822067828.000000, 7349457601.000000
1028.691703, 1004324118.000000, 886892732.000000, 955611900.000000, 919889183.000000, 988092216.000000, 834214772.000000, 957653410.000000, 826188237.000000, 7372866568.000000
1032.234564, 1005925060.000000, 887812118.000000, 959691835.000000, 926979241.000000, 989532277.000000, 836543768.000000, 963771358.000000, 828459434.000000, 7398715091.000000
1035.783763, 1007937576.000000, 887812118.000000, 962394618.000000, 932690895.000000, 991084856.000000, 838610808.000000, 968335320.000000, 831250194.000000, 7420116385.000000
1039.336998, 1011161076.000000, 887812118.000000, 963928410.000000, 937090742.000000, 993198123.000000, 840894178.000000, 970683254.000000, 835311604.000000, 7440079505.000000
1042.896115, 1015415524.000000, 887812118.000000, 963928410.000000, 939596666.000000, 996333332.000000, 844317512.000000, 974078602.000000, 837804292.000000, 7459286456.000000
1046.461004, 1018855835.000000, 894416660.000000, 963928410.000000, 943123624.000000, 1001092568.000000, 846207818.000000, 979474498.000000, 841422244.000000, 7488521657.000000
1050.029374, 1021475630.000000, 903161368.000000, 963928410.000000, 947427754.000000, 1006816322.000000, 846349820.000000, 982390016.000000, 845884894.000000, 7517434214.000000
1053.603589, 1021827022.000000, 911913328.000000, 965054276.000000, 951253348.000000, 1010589086.000000, 851437252.000000, 985424465.000000, 849780390.000000, 7547279167.000000
1057.178886, 1021827022.000000, 920624716.000000, 968454354.000000, 953214304.000000, 1012363450.000000, 854824700.000000, 989472968.000000, 851794890.000000, 7572576404.000000
1060.758447, 1024590258.000000, 923144644.000000, 972433828.000000, 955837810.000000, 1012363450.000000, 857691410.000000, 993665948.000000, 854530142.000000, 7594257490.000000
1064.344208, 1029591526.000000, 928808778.000000, 981111882.000000, 959484408.000000, 1012363450.000000, 860415172.000000, 997349608.000000, 858205748.000000, 7627330572.000000
1067.934149, 1031823588.000000, 933740302.000000, 990081206.000000, 962474956.000000, 1012363450.000000, 862976128.000000, 999238418.000000, 862975112.000000, 7655673160.000000
1071.528357, 1033288644.000000, 936239392.000000, 998924446.000000, 965834980.000000, 1012363450.000000, 864888164.000000, 1002302040.000000, 868234091.000000, 7682075207.000000
1075.128650, 1037685866.000000, 938860600.000000, 1007747400.000000, 967739198.000000, 1012363450.000000, 867950620.000000, 1006530924.000000, 870893612.000000, 7709771670.000000
1078.731057, 1040105256.000000, 943817622.000000, 1016666002.000000, 969610262.000000, 1012363450.000000, 872213902.000000, 1010025670.000000, 873077200.000000, 7737879364.000000
1082.335693, 1043152964.000000, 947688632.000000, 1025561420.000000, 972316808.000000, 1012363450.000000, 877655194.000000, 1011928696.000000, 876200922.000000, 7766868086.000000
1085.945678, 1046072260.000000, 950428490.000000, 1031269024.000000, 975260558.000000, 1015616448.000000, 884189894.000000, 1011928696.000000, 879410004.000000, 7794175374.000000
1089.564552, 1047160766.000000, 954192698.000000, 1035400652.000000, 976359618.000000, 1019444902.000000, 890035535.000000, 1014222456.000000, 881480304.000000, 7818296931.000000
1093.185409, 1050242782.000000, 959114520.000000, 1037931144.000000, 976359618.000000, 1021979982.000000, 894566378.000000, 1018713765.000000, 884180976.000000, 7843089165.000000
1096.813174, 1056720646.000000, 965227446.000000, 1041682832.000000, 976359618.000000, 1025756344.000000, 895488676.000000, 1021116128.000000, 886767880.000000, 7869119570.000000
1100.442167, 1059399227.000000, 972707940.000000, 1046190616.000000, 976359618.000000, 1030322730.000000, 895488676.000000, 1024859762.000000, 888759260.000000, 7894087829.000000
1104.075934, 1062693574.000000, 978463450.000000, 1050774991.000000, 976359618.000000, 1034787648.000000, 898669224.000000, 1029802264.000000, 891795356.000000, 7923346125.000000
1107.712908, 1067077726.000000, 982640834.000000, 1052611847.000000, 976359618.000000, 1036649082.000000, 902499392.000000, 1033179088.000000, 895953554.000000, 7946971141.000000
1111.354316, 1071716063.000000, 985129724.000000, 1054074068.000000, 976359618.000000, 1037780166.000000, 904983464.000000, 1038853334.000000, 900392434.000000, 7969288871.000000
1115.001553, 1074421610.000000, 987731780.000000, 1055605136.000000, 980741066.000000, 1037780166.000000, 907528780.000000, 1041952576.000000, 903501770.000000, 7989262884.000000
1118.658434, 1083403954.000000, 989251340.000000, 1058232922.000000, 983437648.000000, 1045028064.000000, 909075738.000000, 1044995348.000000, 903501770.000000, 8016926784.000000
1122.322159, 1092387754.000000, 990522786.000000, 1062070316.000000, 987775678.000000, 1054048082.000000, 910392644.000000, 1046477336.000000, 903501770.000000, 8047176366.000000
1125.991621, 1101481678.000000, 992455906.000000, 1067009550.000000, 991233558.000000, 1062992766.000000, 912091458.000000, 1048601974.000000, 903501770.000000, 8079368660.000000
1129.669375, 1110448090.000000, 994268670.000000, 1071479762.000000, 993181938.000000, 1072033070.000000, 913667480.000000, 1050489586.000000, 906599732.000000, 8112168328.000000
1133.353117, 1119573892.000000, 996420978.000000, 1075193954.000000, 995128320.000000, 1080360590.000000, 915751808.000000, 1051263862.000000, 911249830.000000, 8144943234.000000
1137.043864, 1125878498.000000, 998943710.000000, 1076675142.000000, 998173420.000000, 1080761956.000000, 918921128.000000, 1054066228.000000, 912884548.000000, 8166304630.000000
1140.738111, 1129789376.000000, 998943710.000000, 1079186592.000000, 1002373915.000000, 1089802274.000000, 923206332.000000, 1058373696.000000, 915491902.000000, 8197167797.000000
1144.434215, 1132452582.000000, 998943710.000000, 1079343824.000000, 1006871286.000000, 1098893300.000000, 927862650.000000, 1060155510.000000, 919323218.000000, 8223846080.000000
1148.133160, 1136386192.000000, 1000315906.000000, 1079343824.000000, 1010986027.000000, 1104377868.000000, 931542186.000000, 1063232180.000000, 923945882.000000, 8250130065.000000
1151.835192, 1141322962.000000, 1004802582.000000, 1079343824.000000, 1012583158.000000, 1109826826.000000, 932881606.000000, 1067327235.000000, 927734151.000000, 8275822344.000000
1155.540074, 1145262522.000000, 1007294614.000000, 1080213224.000000, 1014989158.000000, 1112456504.000000, 934984136.000000, 1070712036.000000, 930071362.000000, 8295983556.000000
1159.250471, 1147850642.000000, 1009947249.000000, 1089292658.000000, 1018428476.000000, 1115553438.000000, 938064344.000000, 1072791954.000000, 932655967.000000, 8324584728.000000
1162.969587, 1150109885.000000, 1012727236.000000, 1097439046.000000, 1022860940.000000, 1119710306.000000, 941763162.000000, 1075240476.000000, 936252098.000000, 8356103149.000000
1166.697808, 1152909566.000000, 1016003032.000000, 1100987750.000000, 1026059916.000000, 1123773812.000000, 941763162.000000, 1078268116.000000, 939830878.000000, 8379596232.000000
1170.432243, 1155241020.000000, 1019039226.000000, 1105203672.000000, 1026059916.000000, 1124884374.000000, 941763162.000000, 1081085900.000000, 942919088.000000, 8396196358.000000
1174.173921, 1155241020.000000, 1020941762.000000, 1107993740.000000, 1029425936.000000, 1130431116.000000, 941763162.000000, 1082999528.000000, 945132498.000000, 8413928762.000000
1177.922047, 1155241020.000000, 1022231720.000000, 1111993878.000000, 1038516962.000000, 1132720072.000000, 948911072.000000, 1084818626.000000, 948586242.000000, 8443019592.000000
1181.671922, 1155241020.000000, 1022231720.000000, 1116882762.000000, 1047876060.000000, 1136206970.000000, 958136862.000000, 1087989786.000000, 953040124.000000, 8477605304.000000
1185.431987, 1157484253.000000, 1023035908.000000, 1120760928.000000, 1057071414.000000, 1140358746.000000, 967280052.000000, 1091824396.000000, 956232482.000000, 8514048179.000000
1189.199242, 1159690802.000000, 1029260972.000000, 1122692194.000000, 1059972782.000000, 1143361776.000000, 971577578.000000, 1094639766.000000, 957642870.000000, 8538838740.000000
1192.977931, 1161217208.000000, 1036026711.000000, 1123905530.000000, 1059972782.000000, 1146012073.000000, 976018644.000000, 1097294460.000000, 959055184.000000, 8559502592.000000
1196.761943, 1163025880.000000, 1039857576.000000, 1123905530.000000, 1063686562.000000, 1148538193.000000, 981350684.000000, 1099731352.000000, 959590800.000000, 8579686577.000000
1200.552130, 1166158470.000000, 1044765136.000000, 1124460490.000000, 1067309604.000000, 1151339176.000000, 988323469.000000, 1099731352.000000, 959590800.000000, 8601678497.000000
1204.349642, 1170143291.000000, 1050237632.000000, 1133839860.000000, 1070628888.000000, 1154833926.000000, 996638464.000000, 1099731352.000000, 959590800.000000, 8635644213.000000
1208.151664, 1176738530.000000, 1053428040.000000, 1143146794.000000, 1075103416.000000, 1159537414.000000, 1004731072.000000, 1099731352.000000, 959590800.000000, 8672007418.000000
1211.958875, 1181848946.000000, 1058400140.000000, 1152485606.000000, 1079733615.000000, 1164348510.000000, 1009185036.000000, 1099731352.000000, 963001746.000000, 8708734951.000000
1215.781048, 1183717370.000000, 1061037592.000000, 1161847588.000000, 1082062002.000000, 1167117138.000000, 1011715334.000000, 1103843710.000000, 967910448.000000, 8739251182.000000
1219.607989, 1183717370.000000, 1064560279.000000, 1171358824.000000, 1083885678.000000, 1168945324.000000, 1015174066.000000, 1107652104.000000, 970147764.000000, 8765441409.000000
1223.439524, 1187494528.000000, 1067379106.000000, 1180781678.000000, 1086398598.000000, 1171516828.000000, 1017993386.000000, 1112098576.000000, 974819340.000000, 8798482040.000000
1227.280041, 1189527468.000000, 1069022852.000000, 1190195824.000000, 1088392302.000000, 1173584714.000000, 1019570076.000000, 1115447108.000000, 984171186.000000, 8829911530.000000
1231.125857, 1194178748.000000, 1071440682.000000, 1197078574.000000, 1089746582.000000, 1174902762.000000, 1020350258.000000, 1116702910.000000, 987056248.000000, 8851456764.000000
1234.975816, 1197934000.000000, 1075193860.000000, 1200823412.000000, 1091725888.000000, 1176844482.000000, 1020350258.000000, 1118479261.000000, 991783644.000000, 8873134805.000000
1238.827825, 1201144558.000000, 1080420292.000000, 1202853620.000000, 1093620534.000000, 1178696016.000000, 1020350258.000000, 1120396152.000000, 994575404.000000, 8892056834.000000
1242.685575, 1203829778.000000, 1087035428.000000, 1206182408.000000, 1095975705.000000, 1180949946.000000, 1020350258.000000, 1122720618.000000, 998695010.000000, 8915739151.000000
1246.549062, 1205928950.000000, 1091328396.000000, 1210481658.000000, 1097632720.000000, 1182585256.000000, 1026199974.000000, 1124523380.000000, 1003630756.000000, 8942311090.000000
1250.415333, 1208253524.000000, 1091328396.000000, 1216251962.000000, 1097632720.000000, 1184894836.000000, 1035734394.000000, 1126817268.000000, 1005010204.000000, 8965923304.000000
1254.286624, 1209931643.000000, 1091328396.000000, 1221251714.000000, 1097632720.000000, 1186825402.000000, 1041610206.000000, 1128314760.000000, 1008887178.000000, 8985782019.000000
1258.162523, 1211392704.000000, 1100274508.000000, 1224776584.000000, 1098360104.000000, 1188657912.000000, 1045419718.000000, 1130428610.000000, 1011478540.000000, 9010788680.000000
1262.049005, 1211392704.000000, 1109817622.000000, 1225040926.000000, 1107897436.000000, 1191789328.000000, 1047565122.000000, 1131104686.000000, 1015333147.000000, 9039940971.000000
1265.940877, 1215621574.000000, 1119441894.000000, 1225040926.000000, 1116927714.000000, 1194384782.000000, 1051388024.000000, 1131104686.000000, 1018109184.000000, 9072018784.000000
1269.839895, 1218505640.000000, 1129009634.000000, 1225040926.000000, 1122049922.000000, 1196394532.000000, 1055003011.000000, 1131104686.000000, 1020200586.000000, 9097308937.000000
1273.745126, 1222037295.000000, 1134256456.000000, 1225945102.000000, 1126016768.000000, 1199311282.000000, 1057538178.000000, 1135548762.000000, 1023160021.000000, 9123813864.000000
1277.654820, 1224962090.000000, 1137667248.000000, 1235493998.000000, 1128894406.000000, 1202174466.000000, 1059942414.000000, 1138649186.000000, 1026335646.000000, 9154119454.000000
1281.570982, 1227754306.000000, 1139930216.000000, 1245173318.000000, 1133083396.000000, 1204462562.000000, 1063622012.000000, 1140967181.000000, 1026335646.000000, 9181328637.000000
1285.490650, 1235065498.000000, 1143438268.000000, 1254729480.000000, 1137914500.000000, 1206913746.000000, 1068073078.000000, 1144444578.000000, 1026716726.000000, 9217295874.000000
1289.416255, 1237703490.000000, 1148073182.000000, 1264498638.000000, 1139852220.000000, 1208539096.000000, 1070353046.000000, 1147281116.000000, 1031556926.000000, 9247857714.000000
1293.345572, 1241137984.000000, 1152735982.000000, 1273679502.000000, 1140359370.000000, 1211352036.000000, 1072459868.000000, 1150466004.000000, 1034043962.000000, 9276234708.000000
1297.279678, 1244746428.000000, 1156427198.000000, 1281602634.000000, 1145251304.000000, 1213458598.000000, 1075584040.000000, 1155347544.000000, 1035037186.000000, 9307454932.000000
1301.220640, 1247733208.000000, 1158530184.000000, 1291406568.000000, 1150529096.000000, 1213458598.000000, 1078715879.000000, 1157974872.000000, 1041144714.000000, 9339493119.000000
1305.164838, 1248770542.000000, 1161054382.000000, 1294247266.000000, 1153248400.000000, 1213458598.000000, 1081565084.000000, 1160872870.000000, 1046886090.000000, 9360103232.000000
1309.111867, 1248770542.000000, 1163666512.000000, 1294247266.000000, 1157816094.000000, 1213458598.000000, 1084372548.000000, 1163142872.000000, 1052448834.000000, 9377923266.000000
1313.063753, 1252994370.000000, 1167022150.000000, 1299727384.000000, 1161639557.000000, 1213458598.000000, 1087660448.000000, 1165550366.000000, 1059763496.000000, 9407816369.000000
1317.020644, 1259230042.000000, 1170156006.000000, 1303449023.000000, 1164071022.000000, 1213458598.000000, 1090232710.000000, 1167682096.000000, 1063828507.000000, 9432108004.000000
1320.985005, 1264836016.000000, 1173433076.000000, 1305480018.000000, 1165882292.000000, 1213458598.000000, 1092724696.000000, 1167682096.000000, 1067112862.000000, 9450609654.000000
1324.958410, 1269004517.000000, 1173779438.000000, 1307960553.000000, 1168435334.000000, 1213458598.000000, 1096090313.000000, 1171659594.000000, 1070914968.000000, 9471303315.000000
1328.939679, 1273029450.000000, 1173779438.000000, 1310980724.000000, 1171318947.000000, 1217020240.000000, 1097256472.000000, 1177674878.000000, 1076396070.000000, 9497456219.000000
1332.929616, 1276166232.000000, 1173779438.000000, 1313598940.000000, 1174038670.000000, 1226850256.000000, 1097256472.000000, 1182285602.000000, 1083682565.000000, 9527658175.000000
1336.925189, 1279525006.000000, 1174131538.000000, 1316665962.000000, 1177120656.000000, 1236729524.000000, 1097256472.000000, 1186247246.000000, 1092461328.000000, 9560137732.000000
1340.926853, 1280216130.000000, 1178637548.000000, 1318470826.000000, 1178809862.000000, 1246532016.000000, 1097256472.000000, 1195202066.000000, 1102332316.000000, 9597457236.000000
1344.933752, 1284490680.000000, 1182854111.000000, 1320957270.000000, 1181365154.000000, 1254578320.000000, 1099124226.000000, 1205037878.000000, 1107848666.000000, 9636256305.000000
1348.947570, 1287990700.000000, 1187161055.000000, 1323774408.000000, 1184243568.000000, 1259238796.000000, 1104324074.000000, 1211170814.000000, 1111134730.000000, 9669038145.000000
1352.967628, 1290943162.000000, 1189094472.000000, 1325787724.000000, 1186255326.000000, 1260882330.000000, 1107462286.000000, 1215951008.000000, 1114270028.000000, 9690646336.000000
1356.992710, 1295359478.000000, 1192648862.000000, 1327239460.000000, 1188121124.000000, 1263850514.000000, 1113427719.000000, 1220042969.000000, 1114704600.000000, 9715394726.000000
1361.022288, 1300989056.000000, 1197388130.000000, 1329349410.000000, 1190620614.000000, 1268290972.000000, 1117445340.000000, 1223522902.000000, 1115314622.000000, 9742921046.000000
1365.060315, 1307190444.000000, 1198345912.000000, 1331673434.000000, 1193340100.000000, 1272410533.000000, 1121367394.000000, 1225444434.000000, 1122284422.000000, 9772056673.000000
1369.106329, 1307190444.000000, 1202046202.000000, 1333138585.000000, 1195550930.000000, 1275678088.000000, 1123281920.000000, 1228709618.000000, 1126642908.000000, 9792238695.000000
1373.154566, 1312054730.000000, 1203688032.000000, 1335635674.000000, 1198676858.000000, 1278227736.000000, 1125999584.000000, 1232186452.000000, 1129779150.000000, 9816248216.000000
1377.210587, 1316394600.000000, 1210028686.000000, 1338733236.000000, 1202432183.000000, 1281852282.000000, 1129331377.000000, 1234754030.000000, 1134018894.000000, 9847545288.000000
1381.270004, 1319367686.000000, 1216543996.000000, 1338733236.000000, 1207737260.000000, 1286493770.000000, 1134179100.000000, 1237059546.000000, 1139321454.000000, 9879436048.000000
1385.335948, 1321073788.000000, 1224523226.000000, 1338733236.000000, 1212864302.000000, 1291210462.000000, 1139100892.000000, 1240781104.000000, 1144709684.000000, 9912996694.000000
1389.408430, 1325287120.000000, 1233893378.000000, 1338733236.000000, 1214950484.000000, 1293560114.000000, 1141136078.000000, 1245972754.000000, 1147302734.000000, 9940835898.000000
1393.488558, 1329111082.000000, 1243622648.000000, 1345398636.000000, 1215372788.000000, 1295420724.000000, 1143503118.000000, 1250658096.000000, 1149278010.000000, 9972365102.000000
1397.571729, 1333616684.000000, 1253806220.000000, 1350275334.000000, 1215372788.000000, 1298638354.000000, 1145733250.000000, 1254650498.000000, 1149761022.000000, 10001854150.000000
1401.658920, 1337088436.000000, 1264027466.000000, 1353865252.000000, 1215372788.000000, 1303624536.000000, 1148646595.000000, 1255795114.000000, 1149761022.000000, 10028181209.000000
1405.751636, 1342491492.000000, 1274132792.000000, 1359154829.000000, 1215372788.000000, 1310548506.000000, 1153276712.000000, 1255795114.000000, 1149761022.000000, 10060533255.000000
1409.848987, 1349636874.000000, 1280167884.000000, 1364541316.000000, 1219487948.000000, 1319254025.000000, 1158150171.000000, 1255795114.000000, 1149761022.000000, 10096794354.000000
1413.952823, 1358610770.000000, 1284075284.000000, 1368210164.000000, 1223278092.000000, 1323200258.000000, 1161533844.000000, 1255795114.000000, 1149761022.000000, 10124464548.000000
1418.060546, 1368720520.000000, 1288109156.000000, 1371970482.000000, 1227329148.000000, 1323200258.000000, 1165159386.000000, 1255795114.000000, 1149761022.000000, 10150045086.000000
1422.173159, 1378851928.000000, 1293239290.000000, 1377169976.000000, 1232470173.000000, 1323200258.000000, 1170225602.000000, 1255795114.000000, 1149761022.000000, 10180713363.000000
1426.289261, 1388942764.000000, 1297711372.000000, 1384443902.000000, 1236142456.000000, 1326153320.000000, 1176344658.000000, 1255795114.000000, 1149761022.000000, 10215294608.000000
1430.410818, 1394014004.000000, 1300407484.000000, 1394586902.000000, 1241383788.000000, 1334851297.000000, 1177226210.000000, 1255795114.000000, 1149761022.000000, 10248025821.000000
1434.535867, 1396089496.000000, 1305229182.000000, 1404735698.000000, 1244984606.000000, 1342695378.000000, 1177226210.000000, 1255795114.000000, 1149761022.000000, 10276516706.000000
1438.665932, 1396089496.000000, 1306295766.000000, 1411373574.000000, 1247772694.000000, 1351811746.000000, 1180692218.000000, 1255795114.000000, 1149761022.000000, 10299591630.000000
1442.799233, 1396089496.000000, 1306295766.000000, 1413489712.000000, 1247772694.000000, 1361995318.000000, 1182669592.000000, 1255795114.000000, 1149761022.000000, 10313868714.000000
1446.935472, 1396089496.000000, 1306295766.000000, 1413489712.000000, 1247772694.000000, 1372181788.000000, 1182669592.000000, 1255795114.000000, 1149761022.000000, 10324055184.000000
